0
0.78658
1.57316
2.35973
3.14631
3.93289
4.71947
5.50605
6.29262
7.0792
7.86578
8.65236
9.43894
10.22551
11.01209
11.79867
12.58525
13.37183
14.1584
14.94498
15.73156
16.51814
17.30472
18.09129
18.87787
19.66445
20.45103
21.23761
22.02418
22.81076
23.59734
24.38392
25.1705
25.95708
26.74365
27.53023
28.31681
29.10339
29.88997
30.67654
31.46312
32.2497
33.03628
33.82286
34.60943
35.39601
36.18259
36.96917
37.75575
38.54232
39.3289
40.11548
40.90206
41.68864
42.47521
43.26179
44.04837
44.83495
45.62153
46.4081
47.19468
47.98126
48.76784
49.55442
50.34099
51.12757
51.91415
52.70073
53.48731
54.27388
55.06046
55.84704
56.63362
57.4202
58.20677
58.99335
59.77993
60.56651
61.35309
62.13966
62.92624
63.71282
64.4994
65.28598
66.07255
66.85913
67.64571
68.43229
69.21887
70.00544
70.79202
71.5786
72.36518
73.15176
73.93833
74.72491
75.51149
76.29807
77.08465
77.87123
78.6578
79.44438
80.23096
81.01754
81.80412
82.59069
83.37727
84.16385
84.95043
85.73701
86.52358
87.31016
88.09674
88.88332
89.6699
90.45647
91.24305
92.02963
92.81621
93.60279
94.38936
95.17594
95.96252
96.7491
97.53568
98.32225
99.10883
99.89541
100.68199
101.46857
102.25514
103.04172
103.8283
104.61488
105.40146
106.18803
106.97461
107.76119
108.54777
109.33435
110.12092
110.9075
111.69408
112.48066
113.26724
114.05381
114.84039
115.62697
116.41355
117.20013
117.9867
118.77328
119.55986
120.34644
121.13302
121.91959
122.70617
123.49275
124.27933
125.06591
125.85248
126.63906
127.42564
128.21222
128.9988
129.78538
130.57195
131.35853
132.14511
132.93169
133.71827
134.50484
135.29142
136.078
136.86458
137.65116
138.43773
139.22431
140.01089
140.79747
141.58405
142.37062
143.1572
143.94378
144.73036
145.51694
146.30351
147.09009
147.87667
148.66325
149.44983
150.2364
151.02298
151.80956
152.59614
153.38272
154.16929
154.95587
155.74245
156.52903
157.31561
158.10218
158.88876
159.67534
160.46192
161.2485
162.03507
162.82165
163.60823
164.39481
165.18139
165.96796
166.75454
167.54112
168.3277
169.11428
169.90085
170.68743
171.47401
172.26059
173.04717
173.83374
174.62032
175.4069
176.19348
176.98006
177.76663
178.55321
179.33979
180.12637
180.91295
181.69953
182.4861
183.27268
184.05926
184.84584
185.63242
186.41899
187.20557
187.99215
188.77873
189.56531
190.35188
191.13846
191.92504
192.71162
193.4982
194.28477
195.07135
195.85793
196.64451
197.43109
198.21766
199.00424
199.79082
200.5774
201.36398
202.15055
202.93713
203.72371
204.51029
205.29687
206.08344
206.87002
207.6566
208.44318
209.22976
210.01633
210.80291
211.58949
212.37607
213.16265
213.94922
214.7358
215.52238
216.30896
217.09554
217.88211
218.66869
219.45527
220.24185
221.02843
221.815
222.60158
223.38816
224.17474
224.96132
225.74789
226.53447
227.32105
228.10763
228.89421
229.68078
230.46736
231.25394
232.04052
232.8271
233.61368
234.40025
235.18683
235.97341
236.75999
237.54657
238.33314
239.11972
239.9063
240.69288
241.47946
242.26603
243.05261
243.83919
244.62577
245.41235
246.19892
246.9855
247.77208
248.55866
249.34524
250.13181
250.91839
251.70497
252.49155
253.27813
254.0647
254.85128
255.63786
256.42444
257.21102
257.99759
258.78417
259.57075
260.35733
261.14391
261.93048
262.71706
263.50364
264.29022
265.0768
265.86337
266.64995
267.43653
268.22311
269.00969
269.79626
270.58284
271.36942
272.156
272.94258
273.72915
274.51573
275.30231
276.08889
276.87547
277.66204
278.44862
279.2352
280.02178
280.80836
281.59493
282.38151
283.16809
283.95467
284.74125
285.52783
286.3144
287.10098
287.88756
288.67414
289.46072
290.24729
291.03387
291.82045
292.60703
293.39361
294.18018
294.96676
295.75334
296.53992
297.3265
298.11307
298.89965
299.68623
300.47281
301.25939
302.04596
302.83254
303.61912
304.4057
305.19228
305.97885
306.76543
307.55201
308.33859
309.12517
309.91174
310.69832
311.4849
312.27148
313.05806
313.84463
314.63121
315.41779
316.20437
316.99095
317.77752
318.5641
319.35068
320.13726
320.92384
321.71041
322.49699
323.28357
324.07015
324.85673
325.6433
326.42988
327.21646
328.00304
328.78962
329.57619
330.36277
331.14935
331.93593
332.72251
333.50908
334.29566
335.08224
335.86882
336.6554
337.44198
338.22855
339.01513
339.80171
340.58829
341.37487
342.16144
342.94802
343.7346
344.52118
345.30776
346.09433
346.88091
347.66749
348.45407
349.24065
350.02722
350.8138
351.60038
352.38696
353.17354
353.96011
354.74669
355.53327
356.31985
357.10643
357.893
358.67958
359.46616
360.25274
361.03932
361.82589
362.61247
363.39905
364.18563
364.97221
365.75878
366.54536
367.33194
368.11852
368.9051
369.69167
370.47825
371.26483
372.05141
372.83799
373.62456
374.41114
375.19772
375.9843
376.77088
377.55745
378.34403
379.13061
379.91719
380.70377
381.49034
382.27692
383.0635
383.85008
384.63666
385.42323
386.20981
386.99639
387.78297
388.56955
389.35613
390.1427
390.92928
391.71586
392.50244
393.28902
394.07559
394.86217
395.64875
396.43533
397.22191
398.00848
398.79506
399.58164
400.36822
401.1548
401.94137
402.72795
403.51453
404.30111
405.08769
405.87426
406.66084
407.44742
408.234
409.02058
409.80715
410.59373
411.38031
412.16689
412.95347
413.74004
414.52662
415.3132
416.09978
416.88636
417.67293
418.45951
419.24609
420.03267
420.81925
421.60582
422.3924
423.17898
423.96556
424.75214
425.53871
426.32529
427.11187
427.89845
428.68503
429.4716
430.25818
431.04476
431.83134
432.61792
433.40449
434.19107
434.97765
435.76423
436.55081
437.33738
438.12396
438.91054
439.69712
440.4837
441.27028
442.05685
442.84343
443.63001
444.41659
445.20317
445.98974
446.77632
447.5629
448.34948
449.13606
449.92263
450.70921
451.49579
452.28237
453.06895
453.85552
454.6421
455.42868
456.21526
457.00184
457.78841
458.57499
459.36157
460.14815
460.93473
461.7213
462.50788
463.29446
464.08104
464.86762
465.65419
466.44077
467.22735
468.01393
468.80051
469.58708
470.37366
471.16024
471.94682
472.7334
473.51997
474.30655
475.09313
475.87971
476.66629
477.45286
478.23944
479.02602
479.8126
480.59918
481.38575
482.17233
482.95891
483.74549
484.53207
485.31864
486.10522
486.8918
487.67838
488.46496
489.25153
490.03811
490.82469
491.61127
492.39785
493.18443
493.971
494.75758
495.54416
496.33074
497.11732
497.90389
498.69047
499.47705
500.26363
501.05021
501.83678
502.62336
503.40994
504.19652
504.9831
505.76967
506.55625
507.34283
508.12941
508.91599
509.70256
510.48914
511.27572
512.0623
512.84888
513.63545
514.42203
515.20861
515.99519
516.78177
517.56834
518.35492
519.1415
519.92808
520.71466
521.50123
522.28781
523.07439
523.86097
524.64755
525.43412
526.2207
527.00728
527.79386
528.58044
529.36701
530.15359
530.94017
531.72675
532.51333
533.2999
534.08648
534.87306
535.65964
536.44622
537.23279
538.01937
538.80595
539.59253
540.37911
541.16568
541.95226
542.73884
543.52542
544.312
545.09858
545.88515
546.67173
547.45831
548.24489
549.03147
549.81804
550.60462
551.3912
552.17778
552.96436
553.75093
554.53751
555.32409
556.11067
556.89725
557.68382
558.4704
559.25698
560.04356
560.83014
561.61671
562.40329
563.18987
563.97645
564.76303
565.5496
566.33618
567.12276
567.90934
568.69592
569.48249
570.26907
571.05565
571.84223
572.62881
573.41538
574.20196
574.98854
575.77512
576.5617
577.34827
578.13485
578.92143
579.70801
580.49459
581.28116
582.06774
582.85432
583.6409
584.42748
585.21405
586.00063
586.78721
587.57379
588.36037
589.14694
589.93352
590.7201
591.50668
592.29326
593.07983
593.86641
594.65299
595.43957
596.22615
597.01273
597.7993
598.58588
599.37246
600.15904
600.94562
601.73219
602.51877
603.30535
604.09193
604.87851
605.66508
606.45166
607.23824
608.02482
608.8114
609.59797
610.38455
611.17113
611.95771
612.74429
613.53086
614.31744
615.10402
615.8906
616.67718
617.46375
618.25033
619.03691
619.82349
620.61007
621.39664
622.18322
622.9698
623.75638
624.54296
625.32953
626.11611
626.90269
627.68927
628.47585
629.26242
630.049
630.83558
631.62216
632.40874
633.19531
633.98189
634.76847
635.55505
636.34163
637.1282
637.91478
638.70136
639.48794
640.27452
641.06109
641.84767
642.63425
643.42083
644.20741
644.99398
645.78056
646.56714
647.35372
648.1403
648.92688
649.71345
650.50003
651.28661
652.07319
652.85977
653.64634
654.43292
655.2195
656.00608
656.79266
657.57923
658.36581
659.15239
659.93897
660.72555
661.51212
662.2987
663.08528
663.87186
664.65844
665.44501
666.23159
667.01817
667.80475
668.59133
669.3779
670.16448
670.95106
671.73764
672.52422
673.31079
674.09737
674.88395
675.67053
676.45711
677.24368
678.03026
678.81684
679.60342
680.39
681.17657
681.96315
682.74973
683.53631
684.32289
685.10946
685.89604
686.68262
687.4692
688.25578
689.04235
689.82893
690.61551
691.40209
692.18867
692.97524
693.76182
694.5484
695.33498
696.12156
696.90813
697.69471
698.48129
699.26787
700.05445
700.84103
701.6276
702.41418
703.20076
703.98734
704.77392
705.56049
706.34707
707.13365
707.92023
708.70681
709.49338
710.27996
711.06654
711.85312
712.6397
713.42627
714.21285
714.99943
715.78601
716.57259
717.35916
718.14574
718.93232
719.7189
720.50548
721.29205
722.07863
722.86521
723.65179
724.43837
725.22494
726.01152
726.7981
727.58468
728.37126
729.15783
729.94441
730.73099
731.51757
732.30415
733.09072
733.8773
734.66388
735.45046
736.23704
737.02361
737.81019
738.59677
739.38335
740.16993
740.9565
741.74308
742.52966
743.31624
744.10282
744.88939
745.67597
746.46255
747.24913
748.03571
748.82228
749.60886
750.39544
751.18202
751.9686
752.75518
753.54175
754.32833
755.11491
755.90149
756.68807
757.47464
758.26122
759.0478
759.83438
760.62096
761.40753
762.19411
762.98069
763.76727
764.55385
765.34042
766.127
766.91358
767.70016
768.48674
769.27331
770.05989
770.84647
771.63305
772.41963
773.2062
773.99278
774.77936
775.56594
776.35252
777.13909
777.92567
778.71225
779.49883
780.28541
781.07198
781.85856
782.64514
783.43172
784.2183
785.00487
1.55431E-15
0.53282
0.64904
0.90868
1.28395
1.63316
2.14814
2.98898
3.58618
4.02623
5.28743
6.88411
7.72335
9.09142
10.50777
10.22248
11.59185
13.04574
14.55067
16.57828
17.62213
21.46465
22.6689
21.10754
24.3735
24.9316
24.33587
28.19404
31.45974
33.46977
32.32189
34.98491
39.12081
36.69298
37.43532
37.14844
34.47602
33.83675
27.21624
24.54412
22.10445
18.74474
16.17831
13.4195
11.87345
10.47559
10.08782
8.74304
8.21316
7.32718
6.36661
5.79565
5.4107
4.98451
4.86231
4.31679
4.37106
4.0593
3.37431
3.10309
3.00654
2.85259
2.55286
2.44176
2.52063
2.46855
2.49164
2.12247
1.91424
1.89524
2.01213
1.93272
1.71807
1.71229
1.65922
1.65688
1.57816
1.45351
1.35253
1.34105
1.3569
1.30983
1.19456
1.16813
1.15109
1.18603
1.11612
1.04612
1.01111
0.97473
0.98383
0.89909
0.92962
0.86704
0.80327
0.81116
0.8266
0.79597
0.78876
0.78908
0.75095
0.70647
0.70381
0.65984
0.66575
0.65514
0.64721
0.61045
0.63296
0.62235
0.56536
0.5297
0.57357
0.60357
0.60803
0.60004
0.53188
0.54088
0.52298
0.46097
0.4805
0.49381
0.48493
0.47334
0.4584
0.44769
0.44698
0.42831
0.40964
0.39372
0.39049
0.40066
0.41257
0.39801
0.37598
0.35773
0.37703
0.35076
0.3425
0.35366
0.32639
0.33061
0.30797
0.29993
0.32012
0.316
0.30966
0.30345
0.29147
0.2904
0.29781
0.28407
0.27456
0.26182
0.25829
0.2688
0.27129
0.26982
0.26198
0.26088
0.25276
0.23469
0.24075
0.24704
0.23353
0.23281
0.23986
0.22782
0.22955
0.22983
0.23188
0.21946
0.20566
0.20528
0.20262
0.19706
0.20373
0.19818
0.18738
0.19292
0.19804
0.19696
0.19117
0.20135
0.17974
0.17207
0.17852
0.1769
0.16855
0.15589
0.17029
0.17579
0.17279
0.1637
0.16808
0.16842
0.15108
0.14866
0.1475
0.15473
0.15641
0.16106
0.15668
0.14724
0.14634
0.13687
0.13934
0.1343
0.13881
0.14798
0.13745
0.13719
0.13645
0.12958
0.12778
0.12185
0.12916
0.12911
0.13202
0.12098
0.11546
0.11374
0.11925
0.11837
0.11679
0.1105
0.11561
0.11627
0.11598
0.11024
0.10919
0.11485
0.11393
0.11169
0.11829
0.11332
0.10976
0.10704
0.11033
0.11082
0.10421
0.10428
0.10299
0.10107
0.09742
0.097
0.09417
0.09451
0.09073
0.09814
0.09434
0.09004
0.0929
0.09481
0.10072
0.08848
0.08935
0.09114
0.08468
0.08389
0.08466
0.08162
0.08044
0.08787
0.0859
0.08086
0.08191
0.07952
0.08111
0.08561
0.08112
0.0761
0.07644
0.07556
0.07848
0.0728
0.0744
0.07032
0.07186
0.07384
0.06782
0.06578
0.06565
0.06404
0.06824
0.07095
0.07395
0.07133
0.06849
0.0654
0.06705
0.06819
0.06395
0.05879
0.05919
0.06278
0.06267
0.06193
0.06514
0.06095
0.05905
0.06034
0.06158
0.06106
0.05955
0.05559
0.05574
0.0555
0.05774
0.06036
0.06148
0.05293
0.05002
0.05491
0.05718
0.05559
0.05699
0.05898
0.05613
0.05385
0.05171
0.05139
0.05149
0.05238
0.05024
0.05154
0.05075
0.05091
0.05167
0.04834
0.05021
0.05063
0.04589
0.04601
0.04538
0.04693
0.04786
0.04538
0.04677
0.04957
0.04516
0.04286
0.04323
0.04193
0.0444
0.04331
0.04415
0.04702
0.04519
0.04245
0.04168
0.04061
0.04083
0.04145
0.04254
0.04427
0.04252
0.0387
0.03848
0.04115
0.04025
0.03727
0.03743
0.03859
0.0374
0.03922
0.03632
0.03609
0.03647
0.036
0.03774
0.03514
0.03406
0.03644
0.03647
0.03632
0.0383
0.03435
0.03757
0.03482
0.03294
0.03391
0.03505
0.03513
0.03234
0.03043
0.03222
0.03433
0.03206
0.03276
0.03383
0.03179
0.0327
0.03349
0.03147
0.02886
0.03042
0.03167
0.03239
0.03052
0.02995
0.03099
0.03059
0.02821
0.02721
0.03022
0.02888
0.02752
0.02821
0.02952
0.03023
0.03032
0.02976
0.02892
0.02891
0.02746
0.02671
0.02835
0.02808
0.02852
0.02807
0.02631
0.0263
0.02608
0.0256
0.02526
0.02595
0.02568
0.02395
0.02647
0.02703
0.02502
0.024
0.02435
0.02453
0.02564
0.02526
0.02258
0.0228
0.02348
0.02397
0.02303
0.02253
0.02231
0.024
0.02345
0.02381
0.02296
0.02324
0.02305
0.02229
0.02309
0.0232
0.02383
0.02223
0.02038
0.02023
0.02021
0.0214
0.02058
0.0203
0.02093
0.02052
0.02071
0.02116
0.02027
0.02035
0.0187
0.01905
0.01825
0.01891
0.01871
0.01936
0.01882
0.01936
0.02095
0.01879
0.01869
0.01909
0.01909
0.01762
0.01799
0.01756
0.01724
0.01738
0.01671
0.01773
0.01817
0.01729
0.01698
0.01757
0.01746
0.01744
0.01548
0.01658
0.01742
0.01572
0.01552
0.01748
0.01559
0.01594
0.01558
0.01554
0.01594
0.01596
0.0151
0.01559
0.0159
0.01501
0.0154
0.01632
0.01603
0.01548
0.0143
0.01355
0.01443
0.01487
0.01429
0.01458
0.01314
0.014
0.01462
0.01515
0.01538
0.01441
0.0143
0.01475
0.01366
0.01433
0.01385
0.01419
0.01411
0.01317
0.01297
0.01291
0.01308
0.01288
0.0132
0.013
0.01297
0.01368
0.01283
0.01292
0.01342
0.01341
0.01334
0.01238
0.01259
0.01255
0.01213
0.01193
0.01127
0.01149
0.01103
0.01231
0.01199
0.01133
0.01191
0.01193
0.01158
0.01171
0.0117
0.01093
0.01114
0.0112
0.01122
0.01099
0.01107
0.01103
0.01042
0.01116
0.01005
0.01037
0.01028
0.00987
0.00984
0.01018
0.01061
0.01055
0.01045
0.01045
0.0097
0.00948
0.00969
0.01048
0.00998
0.00957
0.0093
0.00956
0.0103
0.01032
0.00984
0.00939
0.01006
0.0096
0.00907
0.00909
0.009
0.00905
0.00929
0.00918
0.00893
0.00897
0.00839
0.00831
0.0084
0.0084
0.00871
0.00852
0.00911
0.00869
0.00852
0.00829
0.00838
0.00888
0.00825
0.00797
0.00829
0.00862
0.00771
0.00775
0.00807
0.00781
0.00751
0.00731
0.00757
0.00765
0.00751
0.00753
0.00709
0.00756
0.00757
0.00792
0.00715
0.00711
0.00712
0.00699
0.00694
0.00673
0.00686
0.00679
0.00762
0.0072
0.00685
0.00681
0.00697
0.00697
0.00684
0.00688
0.00663
0.00695
0.00662
0.00631
0.00671
0.00671
0.0061
0.0063
0.0059
0.00605
0.00593
0.00577
0.00602
0.00611
0.00603
0.00593
0.00568
0.00605
0.00589
0.00579
0.00606
0.00584
0.00549
0.0053
0.00588
0.00557
0.00535
0.00533
0.00542
0.00615
0.00571
0.00526
0.00547
0.0056
0.00518
0.00511
0.00547
0.00546
0.00518
0.00506
0.00522
0.00499
0.00501
0.00524
0.00501
0.00515
0.00508
0.00483
0.00489
0.00518
0.00522
0.00488
0.00486
0.00481
0.00486
0.00476
0.00431
0.00463
0.00448
0.0042
0.00438
0.00442
0.00463
0.00479
0.00456
0.00442
0.00444
0.00414
0.00402
0.00419
0.00436
0.0041
0.00419
0.00445
0.00419
0.00421
0.00417
0.004
0.0038
0.00369
0.00364
0.00372
0.00389
0.00383
0.00364
0.00393
0.00409
0.00405
0.00408
0.00352
0.00368
0.00379
0.0034
0.00353
0.00375
0.00337
0.0032
0.00344
0.00321
0.00345
0.00364
0.00352
0.00343
0.00312
0.00328
0.00348
0.00327
0.00348
0.0034
0.00327
0.00316
0.00326
0.00323
0.00315
0.0029
0.00318
0.00323
0.00308
0.00304
0.00304
0.0029
0.00308
0.0028
0.0028
0.00289
0.00284
0.00285
0.00282
0.00264
0.0027
0.00292
0.00283
0.00275
0.00292
0.00278
0.00271
0.00282
0.00248
0.00279
0.0028
0.00266
0.00263
0.00254
0.00265
0.00261
0.00244
0.00246
0.00262
0.00243
0.00238
0.00235
0.00231
0.00241
0.00239
0.00228
0.00238
0.00229
0.00236
0.00226
0.00227
0.00223
0.00225
0.00214
0.00218
0.00213
0.00212
0.00218
0.00216
0.00226
0.00222
0.00204
0.00214
0.00209
0.00216
0.00212
0.00209
0.00192
0.00197
0.00192
0.00196
0.00197
0.00192
0.00199
0.002
0.00179
0.0019
0.0018
0.00174
0.00177
0.00176
0.00179
0.00186
0.00174
0.00182
0.0017
0.00176
0.00164
0.00172
0.00168
0.0017
0.00162
0.00154
0.00159
0.00166
0.00158
0.00161
0.00162
0.00162
0.00154
0.00161
0.00154
0.00156
0.00161
0.00156
0.0015
0.0015
0.00146
0.00149
0.00141
0.00141
0.00144
0.00149
0.00146
0.00149
0.00133
0.0014
0.00135
0.00138
0.00132
0.00137
0.00139
0.00129
0.00136
0.00132
0.00123
0.00126
0.00122
0.00126
0.00127
0.00134
0.00124
0.00132
0.00117
0.00115
0.00122
0.00131
0.0012
0.00118
0.00122
0.00125
0.00113
0.00118
0.00112
0.00116
0.00112
0.00111
0.00113
0.00113
0.00107
0.00113
0.00107
0.00107
0.00109
0.00106
0.001
0.0011
0.00105
9.81714E-4
0.00102
0.00103
9.6651E-4
0.00107
0.00101
9.84384E-4
0.00101
9.76754E-4
9.75586E-4
9.59879E-4
9.59096E-4
9.60512E-4
9.30354E-4
9.32235E-4
9.73789E-4
9.50218E-4
9.32677E-4
9.29618E-4
9.1458E-4
9.50245E-4
9.01173E-4
9.10075E-4
9.07986E-4
9.07193E-4
8.85626E-4
8.981E-4
8.86051E-4
8.76768E-4
8.73009E-4
8.87545E-4
9.04158E-4
8.95279E-4
8.68851E-4
8.45852E-4
8.60116E-4
8.61953E-4
8.52345E-4
8.42816E-4
8.25624E-4
8.18978E-4
8.43303E-4
8.04702E-4
8.37632E-4
8.34967E-4
8.10978E-4
8.40239E-4
8.13229E-4
8.22985E-4
8.25996E-4
8.1324E-4
8.05176E-4
8.07058E-4
8.12158E-4
7.92226E-4
7.89484E-4
7.99852E-4
7.91657E-4
8.03943E-4
7.92479E-4
7.8709E-4
7.95838E-4
7.88037E-4
7.82107E-4
7.85524E-4
7.89141E-4
7.89925E-4
7.74157E-4
7.79077E-4
7.79374E-4
7.78739E-4
7.73279E-4
7.73888E-4
7.76689E-4
7.74316E-4
7.73991E-4
7.73876E-4
7.74459E-4
7.71414E-4
7.71378E-4
7.73418E-4
7.72831E-4
7.7231E-4
