0
0.1
0.2
0.3
0.4
0.5
0.6
0.7
0.8
0.9
1
1.1
1.2
1.3
1.4
1.5
1.6
1.7
1.8
1.9
2
2.2
2.4
2.6
2.8
3
3.2
3.4
3.6
3.8
4
4.2
4.4
4.6
4.8
5
5.2
5.4
5.6
5.8
6
6.5
7
7.5
8
8.5
9
9.5
10
11
12
13
14
15
16
17
18
19
20
-5.2987
-5.7986
-6.2731
-6.7248
-7.1555
-7.5668
-7.9602
-8.3363
-8.6952
-9.0369
-9.3608
-9.6668
-9.9544
-10.223
-10.473
-10.703
-10.913
-11.103
-11.269
-11.411
-11.522
-11.671
-11.98
-12.291
-12.453
-12.447
-12.247
-12.027
-11.941
-11.949
-12.001
-12.078
-12.158
-12.234
-12.315
-12.39
-12.46
-12.527
-12.591
-12.652
-12.708
-12.839
-12.959
-13.067
-13.17
-13.269
-13.369
-13.473
-13.58
-13.796
-14.014
-14.231
-14.448
-14.661
-14.861
-15.037
-15.196
-15.34
-15.47
