0
0.1
0.2
0.3
0.4
0.5
0.6
0.7
0.8
0.9
1
1.1
1.2
1.3
1.4
1.5
1.6
1.7
1.8
1.9
2
2.2
2.4
2.6
2.8
3
3.2
3.4
3.6
3.8
4
4.2
4.4
4.6
4.8
5
5.2
5.4
5.6
5.8
6
6.5
7
7.5
8
8.5
9
9.5
10
11
12
13
14
15
16
17
18
19
20
-2.2052
-2.9087
-3.5693
-4.1906
-4.775
-5.3255
-5.8447
-6.3346
-6.7969
-7.2326
-7.6424
-8.0266
-8.3858
-8.7198
-9.0287
-9.3121
-9.5695
-9.7998
-10.002
-10.173
-10.308
-10.431
-10.824
-11.295
-11.644
-11.89
-12.011
-12.013
-11.951
-11.899
-11.894
-11.934
-11.997
-12.067
-12.148
-12.228
-12.305
-12.379
-12.451
-12.52
-12.582
-12.73
-12.864
-12.983
-13.094
-13.2
-13.306
-13.414
-13.525
-13.746
-13.967
-14.186
-14.402
-14.612
-14.822
-15.031
-15.241
-15.449
-15.658
