0
0.1
0.2
0.3
0.4
0.5
0.6
0.7
0.8
0.9
1
1.1
1.2
1.3
1.4
1.5
1.6
1.7
1.8
1.9
2
2.2
2.4
2.6
2.8
3
3.2
3.4
3.6
3.8
4
4.2
4.4
4.6
4.8
5
5.2
5.4
5.6
5.8
6
6.5
7
7.5
8
8.5
9
9.5
10
11
12
13
14
15
16
17
18
19
20
-1.7387
-2.4831
-3.179
-3.8319
-4.4466
-5.0283
-5.5813
-6.1084
-6.6107
-7.0879
-7.538
-7.9578
-8.3413
-8.6794
-8.9557
-9.1427
-9.2006
-9.135
-9.052
-9.0575
-9.1313
-9.3394
-9.8853
-10.416
-10.977
-11.519
-12.055
-12.559
-13.032
-13.466
-13.855
-14.211
-14.528
-14.809
-15.065
-15.293
-15.5
-15.689
-15.864
-16.033
-16.194
-16.614
-17.114
-17.785
-18.633
-19.315
-19.704
-19.965
-20.22
-20.879
-17.87
-18.465
-18.692
-18.984
-19.346
-19.716
-20.071
-20.421
-20.744
