0.05
0.1
0.15
0.2
0.25
0.3
0.35
0.4
0.45
0.5
0.55
0.6
0.65
0.7
0.75
0.8
0.85
0.9
0.95
1
1.05
1.1
1.15
1.2
1.25
1.3
1.35
1.4
1.45
1.5
1.55
1.6
1.65
1.7
1.75
1.8
1.85
1.9
1.95
2
2.05
2.1
2.15
2.2
2.25
2.3
2.35
2.4
2.45
2.5
2.55
2.6
2.65
2.7
2.75
2.8
2.85
2.9
2.95
3
3.05
3.1
3.15
3.2
3.25
3.3
3.35
3.4
3.45
3.5
3.55
3.6
3.65
3.7
3.75
3.8
3.85
3.9
3.95
4
4.05
4.1
4.15
4.2
4.25
4.3
4.35
4.4
4.45
4.5
4.55
4.6
4.65
4.7
4.75
4.8
4.85
4.9
4.95
5
5.05
5.1
5.15
5.2
5.25
5.3
5.35
5.4
5.45
5.5
5.55
5.6
5.65
5.7
5.75
5.8
5.85
5.9
5.95
6
6.05
6.1
6.15
6.2
6.25
6.3
6.35
6.4
6.45
6.5
6.55
6.6
6.65
6.7
6.75
6.8
6.85
6.9
6.95
7
7.05
7.1
7.15
7.2
7.25
7.3
7.35
7.4
7.45
7.5
7.55
7.6
7.65
7.7
7.75
7.8
7.85
7.9
7.95
8
8.05
8.1
8.15
8.2
8.25
8.3
8.35
8.4
8.45
8.5
8.55
8.6
8.65
8.7
8.75
8.8
8.85
8.9
8.95
9
9.05
9.1
9.15
9.2
9.25
9.3
9.35
9.4
9.45
9.5
9.55
9.6
9.65
9.7
9.75
9.8
9.85
9.9
9.95
10
10.05
10.1
10.15
10.2
10.25
10.3
10.35
10.4
10.45
10.5
10.55
10.6
10.65
10.7
10.75
10.8
10.85
10.9
10.95
11
11.05
11.1
11.15
11.2
11.25
11.3
11.35
11.4
11.45
11.5
11.55
11.6
11.65
11.7
11.75
11.8
11.85
11.9
11.95
12
12.05
12.1
12.15
12.2
12.25
12.3
12.35
12.4
12.45
12.5
12.55
12.6
12.65
12.7
12.75
12.8
12.85
12.9
12.95
13
13.05
13.1
13.15
13.2
13.25
13.3
13.35
13.4
13.45
13.5
13.55
13.6
13.65
13.7
13.75
13.8
13.85
13.9
13.95
14
14.05
14.1
14.15
14.2
14.25
14.3
14.35
14.4
14.45
14.5
14.55
14.6
14.65
14.7
14.75
14.8
14.85
14.9
14.95
15
15.05
15.1
15.15
15.2
15.25
15.3
15.35
15.4
15.45
15.5
15.55
15.6
15.65
15.7
15.75
15.8
15.85
15.9
15.95
16
16.05
16.1
16.15
16.2
16.25
16.3
16.35
16.4
16.45
16.5
16.55
16.6
16.65
16.7
16.75
16.8
16.85
16.9
16.95
17
17.05
17.1
17.15
17.2
17.25
17.3
17.35
17.4
17.45
17.5
17.55
17.6
17.65
17.7
17.75
17.8
17.85
17.9
17.95
18
18.05
18.1
18.15
18.2
18.25
18.3
18.35
18.4
18.45
18.5
18.55
18.6
18.65
18.7
18.75
18.8
18.85
18.9
18.95
19
19.05
19.1
19.15
19.2
19.25
19.3
19.35
19.4
19.45
19.5
19.55
19.6
19.65
19.7
19.75
19.8
19.85
19.9
19.95
20
-0.25878
-0.27011
-0.30222
-0.33295
-0.37861
-0.42004
-0.4675
-0.50637
-0.54159
-0.56374
-0.57481
-0.57026
-0.5517
-0.51855
-0.47347
-0.41859
-0.35747
-0.29347
-0.22982
-0.16933
-0.11336
-0.06281
-0.01618
0.02726
0.07121
0.1157
0.16424
0.21278
0.262
0.30275
0.33271
0.34173
0.32801
0.28881
0.22816
0.15577
0.08236
0.02449
-0.00789
-0.00685
0.02934
0.0843
0.13568
0.16366
0.1566
0.11376
0.04814
-0.0194
-0.07007
-0.10883
-0.13139
-0.13701
-0.13232
-0.11652
-0.0942
-0.06973
-0.04705
-0.02609
-0.00754
0.00872
0.02518
0.04078
0.05426
0.06365
0.07085
0.07007
0.06009
0.04156
0.01782
-0.00897
-0.03445
-0.05495
-0.06838
-0.07326
-0.07074
-0.06325
-0.0526
-0.04119
-0.03074
-0.02208
-0.01475
-0.00934
-0.00575
-0.00379
-0.00264
-0.0018
1.94154E-4
0.00516
0.01416
0.02784
0.04549
0.06485
0.08172
0.09321
0.09644
0.09018
0.07531
0.05475
0.03208
0.01068
-0.00714
-0.02112
-0.03242
-0.04296
-0.05448
-0.06741
-0.08055
-0.09146
-0.09726
-0.09594
-0.08708
-0.07205
-0.05321
-0.03389
-0.01633
-0.00139
0.01135
0.02321
0.03553
0.04892
0.06326
0.07754
0.09071
0.10198
0.11061
0.11551
0.1147
0.10531
0.08428
0.04979
0.00209
-0.05326
-0.1079
-0.15187
-0.17632
-0.17623
-0.15204
-0.10957
-0.05831
-0.00861
0.03099
0.05524
0.06343
0.05804
0.04325
0.02364
0.00359
-0.01277
-0.02155
-0.01941
-0.00426
0.02251
0.0562
0.08899
0.11181
0.1171
0.10156
0.06756
0.02267
-0.02281
-0.05923
-0.08079
-0.08722
-0.08277
-0.07363
-0.06496
-0.0588
-0.05386
-0.04695
-0.03542
-0.019
-3.60665E-4
0.01621
0.02711
0.03136
0.03123
0.03109
0.03499
0.04424
0.05631
0.06572
0.06614
0.05414
0.03098
0.0026
-0.02269
-0.03768
-0.03937
-0.0302
-0.01696
-0.00756
-0.00751
-0.01752
-0.03318
-0.04716
-0.05264
-0.0464
-0.03023
-0.00984
0.00785
0.01798
0.01997
0.01713
0.01479
0.01734
0.02586
0.03737
0.04627
0.04707
0.03723
0.0186
-0.00321
-0.02116
-0.02982
-0.02761
-0.01729
-0.0045
0.00487
0.00716
0.00227
-0.00685
-0.01585
-0.02124
-0.02195
-0.01943
-0.01642
-0.01511
-0.01574
-0.01632
-0.01374
-0.00557
0.00835
0.02535
0.04075
0.04968
0.04904
0.03881
0.02198
0.00336
-0.01226
-0.0219
-0.02457
-0.02169
-0.0159
-0.00985
-0.00525
-0.0026
-0.00158
-0.00163
-0.00244
-0.00399
-0.00626
-0.00883
-0.01082
-0.01106
-0.00868
-0.00362
0.00318
0.01001
0.01505
0.01728
0.01643
0.01328
0.00922
0.00551
0.00283
0.00112
-1.97916E-4
-0.00167
-0.00345
-0.00514
-0.00609
-0.00583
-0.00449
-0.0028
-0.00184
-0.0024
-0.00456
-0.00747
-0.0097
-0.00993
-0.0074
-0.00252
0.00333
0.00827
0.01077
0.01026
0.00734
0.00353
5.37541E-4
-4.64773E-4
7.01425E-4
0.0032
0.00564
0.00669
0.0057
0.0029
-7.63568E-4
-0.00411
-0.00622
-0.00687
-0.00634
-0.00533
-0.00451
-0.00419
-0.00423
-0.00411
-0.00333
-0.00164
7.77596E-4
0.00336
0.00542
0.00639
0.00612
0.00483
0.00301
0.00126
-2.2676E-5
-6.62633E-4
-7.37999E-4
-4.67331E-4
-7.02169E-5
3.12927E-4
6.27374E-4
8.51246E-4
9.32409E-4
7.66156E-4
2.34888E-4
-7.10573E-4
-0.00198
-0.00331
-0.00437
-0.00482
-0.00448
-0.00338
-0.00175
6.13085E-5
0.0017
0.00291
0.00358
0.00375
0.00346
0.00281
0.0019
8.66096E-4
-1.2956E-4
-8.79283E-4
-0.00119
-9.43964E-4
-2.19905E-4
7.24994E-4
0.0015
0.00171
0.00115
-1.13758E-4
-0.00171
-0.00311
-0.00382
-0.00358
-0.00249
-9.58881E-4
5.16223E-4
0.00146
0.00165
0.00121
4.82528E-4
-7.71646E-5
-1.59786E-4
2.869E-4
0.00105
0.00176
0.00208
0.00185
0.00116
2.79879E-4
-4.77457E-4
-8.89164E-4
-9.16546E-4
-6.93862E-4
-4.37991E-4
-3.33702E-4
-4.36205E-4
-6.68918E-4
-8.72064E-4
-8.97166E-4
-6.89501E-4
-3.16568E-4
6.89468E-5
3.08989E-4
3.19594E-4
1.2982E-4
-1.36895E-4
-3.25961E-4
-3.25297E-4
-1.13022E-4
2.40975E-4
6.15058E-4
8.93138E-4
0.00101
9.63531E-4
