0
0.05
0.1
0.15
0.2
0.25
0.3
0.35
0.4
0.45
0.5
0.55
0.6
0.65
0.7
0.75
0.8
0.85
0.9
0.95
1
1.05
1.1
1.15
1.2
1.25
1.3
1.35
1.4
1.45
1.5
1.55
1.6
1.65
1.7
1.75
1.8
1.85
1.9
1.95
2
2.05
2.1
2.15
2.2
2.25
2.3
2.35
2.4
2.45
2.5
2.55
2.6
2.65
2.7
2.75
2.8
2.85
2.9
2.95
3
3.05
3.1
3.15
3.2
3.25
3.3
3.35
3.4
3.45
3.5
3.55
3.6
3.65
3.7
3.75
3.8
3.85
3.9
3.95
4
4.05
4.1
4.15
4.2
4.25
4.3
4.35
4.4
4.45
4.5
4.55
4.6
4.65
4.7
4.75
4.8
4.85
4.9
4.95
5
5.05
5.1
5.15
5.2
5.25
5.3
5.35
5.4
5.45
5.5
5.55
5.6
5.65
5.7
5.75
5.8
5.85
5.9
5.95
6
6.05
6.1
6.15
6.2
6.25
6.3
6.35
6.4
6.45
6.5
6.55
6.6
6.65
6.7
6.75
6.8
6.85
6.9
6.95
7
7.05
7.1
7.15
7.2
7.25
7.3
7.35
7.4
7.45
7.5
7.55
7.6
7.65
7.7
7.75
7.8
7.85
7.9
7.95
8
8.05
8.1
8.15
8.2
8.25
8.3
8.35
8.4
8.45
8.5
8.55
8.6
8.65
8.7
8.75
8.8
8.85
8.9
8.95
9
9.05
9.1
9.15
9.2
9.25
9.3
9.35
9.4
9.45
9.5
9.55
9.6
9.65
9.7
9.75
9.8
9.85
9.9
9.95
10
10.05
10.1
10.15
10.2
10.25
10.3
10.35
10.4
10.45
10.5
10.55
10.6
10.65
10.7
10.75
10.8
10.85
10.9
10.95
11
11.05
11.1
11.15
11.2
11.25
11.3
11.35
11.4
11.45
11.5
11.55
11.6
11.65
11.7
11.75
11.8
11.85
11.9
11.95
12
12.05
12.1
12.15
12.2
12.25
12.3
12.35
12.4
12.45
12.5
12.55
12.6
12.65
12.7
12.75
12.8
12.85
12.9
12.95
13
13.05
13.1
13.15
13.2
13.25
13.3
13.35
13.4
13.45
13.5
13.55
13.6
13.65
13.7
13.75
13.8
13.85
13.9
13.95
14
14.05
14.1
14.15
14.2
14.25
14.3
14.35
14.4
14.45
14.5
14.55
14.6
14.65
14.7
14.75
14.8
14.85
14.9
14.95
15
15.05
15.1
15.15
15.2
15.25
15.3
15.35
15.4
15.45
15.5
15.55
15.6
15.65
15.7
15.75
15.8
15.85
15.9
15.95
16
16.05
16.1
16.15
16.2
16.25
16.3
16.35
16.4
16.45
16.5
16.55
16.6
16.65
16.7
16.75
16.8
16.85
16.9
16.95
17
17.05
17.1
17.15
17.2
17.25
17.3
17.35
17.4
17.45
17.5
17.55
17.6
17.65
17.7
17.75
17.8
17.85
17.9
17.95
18
18.05
18.1
18.15
18.2
18.25
18.3
18.35
18.4
18.45
18.5
18.55
18.6
18.65
18.7
18.75
18.8
18.85
18.9
18.95
19
19.05
19.1
19.15
19.2
19.25
19.3
19.35
19.4
19.45
19.5
19.55
19.6
19.65
19.7
19.75
19.8
19.85
19.9
19.95
20
-0.30729
-0.3092
-0.31114
-0.31672
-0.32247
-0.33115
-0.33992
-0.34997
-0.35935
-0.3674
-0.37322
-0.37463
-0.37181
-0.36194
-0.34612
-0.32183
-0.2909
-0.2518
-0.2069
-0.15587
-0.10153
-0.04452
0.01209
0.06723
0.11781
0.16297
0.19996
0.22884
0.24747
0.25736
0.25713
0.24994
0.23513
0.2166
0.19483
0.17341
0.15323
0.13656
0.1236
0.11444
0.10839
0.10594
0.10178
0.09317
0.07856
0.0612
0.03829
0.0108
-0.01899
-0.04643
-0.07172
-0.0925
-0.10668
-0.11641
-0.1172
-0.10899
-0.09275
-0.07117
-0.04442
-0.01558
0.01208
0.03905
0.06051
0.07403
0.07834
0.0771
0.06691
0.04928
0.02661
0.00292
-0.0209
-0.04207
-0.0585
-0.06958
-0.07417
-0.07261
-0.06623
-0.05629
-0.04463
-0.03321
-0.02351
-0.01558
-0.0103
-0.00716
-0.00503
-0.00243
0.00168
0.00853
0.01883
0.03199
0.04757
0.06416
0.07983
0.09208
0.0995
0.10055
0.09436
0.08078
0.06097
0.03654
0.00962
-0.01733
-0.04218
-0.06311
-0.07899
-0.08935
-0.09455
-0.09547
-0.09331
-0.0892
-0.08423
-0.07889
-0.07309
-0.066
-0.05665
-0.04376
-0.02625
-0.00323
0.02471
0.0564
0.08971
0.12162
0.14864
0.16734
0.17482
0.1691
0.14954
0.11699
0.07381
0.02367
-0.02885
-0.07899
-0.12149
-0.15244
-0.16929
-0.17111
-0.15871
-0.13447
-0.10196
-0.06545
-0.02929
0.0029
0.02791
0.04423
0.0518
0.05194
0.04702
0.04001
0.0339
0.03118
0.03343
0.04095
0.05274
0.06669
0.0799
0.08918
0.09159
0.08495
0.06828
0.04199
0.00799
-0.03082
-0.0701
-0.10548
-0.13287
-0.14903
-0.15204
-0.14151
-0.1187
-0.08627
-0.04791
-0.00777
0.0299
0.06151
0.08456
0.09782
0.10142
0.09668
0.0858
0.07141
0.05609
0.04193
0.03018
0.02127
0.01478
0.00959
0.00426
-0.00265
-0.01213
-0.02448
-0.03916
-0.05469
-0.0692
-0.0805
-0.08647
-0.08548
-0.07672
-0.06046
-0.03802
-0.0117
0.01562
0.04082
0.06131
0.075
0.08074
0.07847
0.0692
0.0548
0.03772
0.02053
0.00555
-0.00555
-0.01199
-0.01391
-0.01237
-0.00902
-0.00578
-0.00446
-0.00634
-0.01193
-0.02085
-0.03186
-0.04314
-0.05255
-0.05801
-0.05787
-0.05122
-0.03811
-0.0196
0.00242
0.02543
0.04669
0.06364
0.07427
0.07742
0.07292
0.06161
0.04513
0.02573
0.00581
-0.01234
-0.02707
-0.03723
-0.04239
-0.04288
-0.0396
-0.03383
-0.02698
-0.02033
-0.01482
-0.01093
-0.00866
-0.00758
-0.00697
-0.00602
-0.00402
-5.11326E-4
0.0046
0.01101
0.01805
0.02482
0.03042
0.03392
0.03467
0.03239
0.02718
0.01954
0.01027
3.70124E-4
-0.00912
-0.01728
-0.02341
-0.0271
-0.02831
-0.02727
-0.02449
-0.02058
-0.01618
-0.01184
-0.00795
-0.0047
-0.00202
2.58166E-4
0.0024
0.0047
0.00737
0.01048
0.01396
0.01753
0.02079
0.02324
0.02437
0.02376
0.02115
0.01652
0.01007
0.00229
-0.00614
-0.01442
-0.02171
-0.02723
-0.03049
-0.03105
-0.02885
-0.02414
-0.01744
-0.00952
-0.00123
0.00654
0.01301
0.0176
0.02003
0.02026
0.01859
0.0155
0.01163
0.00764
0.00414
0.00155
7.17055E-5
-3.37531E-4
3.81182E-5
7.99274E-4
0.00145
0.00152
6.52311E-4
-0.00129
-0.00423
-0.00782
-0.01157
-0.01485
-0.01705
-0.01767
-0.0164
-0.01323
-0.00842
-0.00248
0.0039
0.00993
0.0149
0.01822
0.01963
0.01899
0.01651
0.01265
0.00804
0.00332
-9.04148E-4
-0.00418
-0.00629
-0.00724
-0.00725
-0.0067
-0.006
-0.00553
-0.00553
-0.00609
-0.00706
-0.00815
-0.00895
-0.00905
-0.00812
-0.00596
-0.00262
0.00164
0.00635
0.01088
0.01459
0.01691
0.01744
0.01603
0.01284
0.00827
0.00292
-0.00247
-0.00722
-0.01072
-0.01262
-0.01281
-0.01146
-0.00896
-0.00587
-0.00274
-1.22286E-4
0.0016
0.00225
0.00187
7.39736E-4
-7.26233E-4
-0.00205
-0.00278
-0.00262
-0.00142
6.99949E-4
0.00346
0.0064
0.00902
0.01082
0.01143
0.01065
0.00851
