0
0.1
0.2
0.3
0.4
0.5
0.6
0.7
0.8
0.9
1
1.1
1.2
1.3
1.4
1.5
1.6
1.7
1.8
1.9
2
2.2
2.4
2.6
2.8
3
3.2
3.4
3.6
3.8
4
4.2
4.4
4.6
4.8
5
5.2
5.4
5.6
5.8
6
6.5
7
7.5
8
8.5
9
9.5
10
11
12
13
14
15
16
17
18
19
20
4.2889E-5
0.01845
0.03499
0.04811
0.05707
0.06186
0.06307
0.06154
0.05817
0.05366
0.04857
0.04327
0.03799
0.03293
0.0283
0.02435
0.02148
0.02011
0.02046
0.02229
0.02506
0.0296
0.04937
0.06173
0.07225
0.0787
0.08352
0.08653
0.0897
0.09079
0.09172
0.0911
0.08918
0.0861
0.08159
0.07644
0.07059
0.06435
0.05802
0.05144
0.04515
0.03039
0.01846
0.01064
0.00728
0.00667
0.00611
0.00529
0.00441
0.0021
8.1238E-4
0.00264
0.00323
0.00369
0.00394
0.00391
0.00378
0.00362
0.00345
