0
0.1
0.2
0.3
0.4
0.5
0.6
0.7
0.8
0.9
1
1.1
1.2
1.3
1.4
1.5
1.6
1.7
1.8
1.9
2
2.2
2.4
2.6
2.8
3
3.2
3.4
3.6
3.8
4
4.2
4.4
4.6
4.8
5
5.2
5.4
5.6
5.8
6
6.5
7
7.5
8
8.5
9
9.5
10
11
12
13
14
15
16
17
18
19
20 
1.2038E-4
0.05237
0.10253
0.14862
0.18941
0.22435
0.25358
0.27765
0.29734
0.31339
0.3264
0.33676
0.34471
0.35031
0.35348
0.35409
0.352
0.34688
0.33857
0.32691
0.31176
0.26082
0.23997
0.21487
0.18049
0.15055
0.13839
0.16093
0.20675
0.26401
0.32473
0.38377
0.43927
0.49165
0.53847
0.5817
0.621
0.65574
0.68682
0.71286
0.73447
0.76606
0.76924
0.75282
0.7238
0.68375
0.63656
0.58591
0.53659
0.44807
0.37149
0.31074
0.26186
0.22368
0.19305
0.16606
0.14236
0.12169
0.10313
