0
0.1
0.2
0.3
0.4
0.5
0.6
0.7
0.8
0.9
1
1.1
1.2
1.3
1.4
1.5
1.6
1.7
1.8
1.9
2
2.2
2.4
2.6
2.8
3
3.2
3.4
3.6
3.8
4
4.2
4.4
4.6
4.8
5
5.2
5.4
5.6
5.8
6
6.5
7
7.5
8
8.5
9
9.5
10
11
12
13
14
15
16
17
18
19
20
-1.9732
-2.6711
-3.3293
-3.9483
-4.5308
-5.0798
-5.5983
-6.0886
-6.5521
-6.9902
-7.4034
-7.7923
-8.1569
-8.4975
-8.8139
-9.1057
-9.3726
-9.6136
-9.8275
-10.013
-10.167
-10.315
-10.609
-11.082
-11.461
-11.715
-11.857
-11.87
-11.816
-11.772
-11.776
-11.823
-11.889
-11.972
-12.054
-12.138
-12.223
-12.301
-12.377
-12.45
-12.517
-12.672
-12.81
-12.934
-13.05
-13.16
-13.269
-13.379
-13.492
-13.717
-13.942
-14.164
-14.383
-14.594
-14.787
-14.964
-15.127
-15.28
-15.411
