0
0.1
0.2
0.3
0.4
0.5
0.6
0.7
0.8
0.9
1
1.1
1.2
1.3
1.4
1.5
1.6
1.7
1.8
1.9
2
2.2
2.4
2.6
2.8
3
3.2
3.4
3.6
3.8
4
4.2
4.4
4.6
4.8
5
5.2
5.4
5.6
5.8
6
6.5
7
7.5
8
8.5
9
9.5
10
11
12
13
14
15
16
17
18
19
20
1.4666E-4
0.06385
0.12529
0.18224
0.23319
0.27738
0.31474
0.34574
0.37113
0.39174
0.4083
0.42141
0.43145
0.43866
0.44312
0.44483
0.44367
0.43952
0.43219
0.4215
0.4073
0.3562
0.34681
0.33018
0.30019
0.26496
0.23198
0.2153
0.22045
0.24966
0.2943
0.34602
0.39918
0.45222
0.50127
0.54754
0.59049
0.62895
0.6639
0.69404
0.7196
0.76066
0.77155
0.76059
0.73515
0.69763
0.6519
0.6016
0.55176
0.46133
0.38252
0.31922
0.26695
0.2238
0.18824
0.15918
0.13629
0.11765
0.10259
