0
0.1
0.2
0.3
0.4
0.5
0.6
0.7
0.8
0.9
1
1.1
1.2
1.3
1.4
1.5
1.6
1.7
1.8
1.9
2
2.2
2.4
2.6
2.8
3
3.2
3.4
3.6
3.8
4
4.2
4.4
4.6
4.8
5
5.2
5.4
5.6
5.8
6
6.5
7
7.5
8
8.5
9
9.5
10
11
12
13
14
15
16
17
18
19
20
-1.5462
-2.2835
-2.9737
-3.6187
-4.2239
-4.7949
-5.3363
-5.8514
-6.3414
-6.8062
-7.2439
-7.6514
-8.0233
-8.3525
-8.6285
-8.8383
-8.9705
-9.0371
-9.0762
-9.1348
-9.2315
-9.4506
-9.8987
-10.395
-10.928
-11.469
-11.991
-12.494
-12.966
-13.398
-13.792
-14.147
-14.464
-14.753
-15.011
-15.244
-15.457
-15.65
-15.829
-15.998
-16.159
-16.573
-17.069
-17.755
-18.616
-19.327
-19.752
-20.01
-20.202
-20.723
-17.645
-18.41
-18.747
-18.981
-19.278
-19.579
-19.873
-20.17
-20.486
