0
0.1
0.2
0.3
0.4
0.5
0.6
0.7
0.8
0.9
1
1.1
1.2
1.3
1.4
1.5
1.6
1.7
1.8
1.9
2
2.2
2.4
2.6
2.8
3
3.2
3.4
3.6
3.8
4
4.2
4.4
4.6
4.8
5
5.2
5.4
5.6
5.8
6
6.5
7
7.5
8
8.5
9
9.5
10
11
12
13
14
15
16
17
18
19
20
-5.1839
-5.6793
-6.1505
-6.5979
-7.0238
-7.4302
-7.819
-8.1911
-8.5472
-8.887
-9.2104
-9.517
-9.8062
-10.078
-10.331
-10.566
-10.782
-10.978
-11.152
-11.304
-11.429
-11.568
-11.814
-12.135
-12.33
-12.331
-12.157
-11.951
-11.862
-11.875
-11.934
-12.014
-12.095
-12.182
-12.262
-12.339
-12.415
-12.483
-12.55
-12.614
-12.672
-12.808
-12.93
-13.04
-13.145
-13.247
-13.35
-13.454
-13.563
-13.781
-14.001
-14.218
-14.434
-14.651
-14.873
-15.103
-15.325
-15.546
-15.764
