 Null title                                                       Feff 8.50L
 POT  Non-SCF, core-hole, AFOLP (folp(0)= 1.150)
 Abs   Z=29 Rmt= 1.446 Rnm= 1.499 K  shell
 Pot 1 Z=29 Rmt= 1.352 Rnm= 1.389
 Gam_ch=1.729E+00 H-L exch
 Mu=-3.874E+00 kf=1.825E+00 Vint=-1.656E+01 Rs_int= 1.987
 PATH  Rmax= 8.000,  Keep_limit= 0.00, Heap_limit 0.00  Pwcrit= 2.50%
 Path    1      icalc       2
 -----------------------------------------------------------------------
   2  12.000   2.5478    2.6268   -3.87431 nleg, deg, reff, rnrmav(bohr), edge
        x         y         z   pot at#
     0.0000    0.0000    0.0000  0  29 Cu       absorbing atom
     1.8016   -1.8016    0.0000  1  29 Cu    
    k   real[2*phc]   mag[feff]  phase[feff] red factor   lambda     real[p]@#
  0.000  3.9470E+00  1.2038E-04 -5.1839E+00  9.916E-01  1.6094E+01  1.8261E+00
  0.100  3.9474E+00  5.2365E-02 -5.6793E+00  9.918E-01  1.6117E+01  1.8287E+00
  0.200  3.9483E+00  1.0253E-01 -6.1505E+00  9.925E-01  1.6184E+01  1.8366E+00
  0.300  3.9497E+00  1.4862E-01 -6.5979E+00  9.936E-01  1.6289E+01  1.8496E+00
  0.400  3.9513E+00  1.8941E-01 -7.0238E+00  9.951E-01  1.6424E+01  1.8677E+00
  0.500  3.9527E+00  2.2435E-01 -7.4302E+00  9.970E-01  1.6574E+01  1.8907E+00
  0.600  3.9535E+00  2.5358E-01 -7.8190E+00  9.992E-01  1.6725E+01  1.9186E+00
  0.700  3.9533E+00  2.7765E-01 -8.1911E+00  1.002E+00  1.6859E+01  1.9510E+00
  0.800  3.9514E+00  2.9734E-01 -8.5472E+00  1.005E+00  1.6957E+01  1.9878E+00
  0.900  3.9475E+00  3.1339E-01 -8.8870E+00  1.008E+00  1.7002E+01  2.0289E+00
  1.000  3.9409E+00  3.2640E-01 -9.2104E+00  1.012E+00  1.6980E+01  2.0741E+00
  1.100  3.9312E+00  3.3676E-01 -9.5170E+00  1.016E+00  1.6880E+01  2.1232E+00
  1.200  3.9179E+00  3.4471E-01 -9.8062E+00  1.020E+00  1.6697E+01  2.1762E+00
  1.300  3.9005E+00  3.5031E-01 -1.0078E+01  1.025E+00  1.6434E+01  2.2328E+00
  1.400  3.8785E+00  3.5348E-01 -1.0331E+01  1.031E+00  1.6099E+01  2.2932E+00
  1.500  3.8515E+00  3.5409E-01 -1.0566E+01  1.036E+00  1.5707E+01  2.3571E+00
  1.600  3.8191E+00  3.5200E-01 -1.0782E+01  1.043E+00  1.5276E+01  2.4247E+00
  1.700  3.7809E+00  3.4688E-01 -1.0978E+01  1.049E+00  1.4830E+01  2.4959E+00
  1.800  3.7363E+00  3.3857E-01 -1.1152E+01  1.055E+00  1.4394E+01  2.5709E+00
  1.900  3.6850E+00  3.2691E-01 -1.1304E+01  1.061E+00  1.3993E+01  2.6498E+00
  2.000  3.6264E+00  3.1176E-01 -1.1429E+01  1.067E+00  1.3654E+01  2.7327E+00
  2.200  3.4592E+00  2.6082E-01 -1.1568E+01  1.067E+00  1.3280E+01  2.9235E+00
  2.400  3.3347E+00  2.3997E-01 -1.1814E+01  1.237E+00  7.2410E+00  3.0999E+00
  2.600  3.3238E+00  2.1487E-01 -1.2135E+01  1.287E+00  6.1524E+00  3.2310E+00
  2.800  3.2904E+00  1.8049E-01 -1.2330E+01  1.306E+00  5.6566E+00  3.3693E+00
  3.000  3.2357E+00  1.5055E-01 -1.2331E+01  1.307E+00  5.4474E+00  3.5160E+00
  3.200  3.1697E+00  1.3839E-01 -1.2157E+01  1.291E+00  5.3854E+00  3.6689E+00
  3.400  3.0948E+00  1.6093E-01 -1.1951E+01  1.274E+00  5.4130E+00  3.8272E+00
  3.600  3.0144E+00  2.0675E-01 -1.1862E+01  1.251E+00  5.5013E+00  3.9904E+00
  3.800  2.9277E+00  2.6401E-01 -1.1875E+01  1.230E+00  5.6339E+00  4.1578E+00
  4.000  2.8371E+00  3.2473E-01 -1.1934E+01  1.210E+00  5.8006E+00  4.3289E+00
  4.200  2.7440E+00  3.8377E-01 -1.2014E+01  1.191E+00  5.9948E+00  4.5032E+00
  4.400  2.6479E+00  4.3927E-01 -1.2095E+01  1.170E+00  6.2120E+00  4.6804E+00
  4.600  2.5494E+00  4.9165E-01 -1.2182E+01  1.153E+00  6.4487E+00  4.8601E+00
  4.800  2.4491E+00  5.3847E-01 -1.2262E+01  1.138E+00  6.7026E+00  5.0419E+00
  5.000  2.3475E+00  5.8170E-01 -1.2339E+01  1.120E+00  6.9718E+00  5.2256E+00
  5.200  2.2453E+00  6.2100E-01 -1.2415E+01  1.104E+00  7.2548E+00  5.4110E+00
  5.400  2.1428E+00  6.5574E-01 -1.2483E+01  1.090E+00  7.5503E+00  5.5978E+00
  5.600  2.0414E+00  6.8682E-01 -1.2550E+01  1.076E+00  7.8575E+00  5.7859E+00
  5.800  1.9417E+00  7.1286E-01 -1.2614E+01  1.064E+00  8.1755E+00  5.9750E+00
  6.000  1.8436E+00  7.3447E-01 -1.2672E+01  1.052E+00  8.5037E+00  6.1652E+00
  6.500  1.6080E+00  7.6606E-01 -1.2808E+01  1.028E+00  9.3651E+00  6.6442E+00
  7.000  1.3830E+00  7.6924E-01 -1.2930E+01  1.010E+00  1.0280E+01  7.1273E+00
  7.500  1.1657E+00  7.5282E-01 -1.3040E+01  9.962E-01  1.1243E+01  7.6134E+00
  8.000  9.5131E-01  7.2380E-01 -1.3145E+01  9.840E-01  1.2252E+01  8.1020E+00
  8.500  7.4913E-01  6.8375E-01 -1.3247E+01  9.737E-01  1.3302E+01  8.5923E+00
  9.000  5.5939E-01  6.3656E-01 -1.3350E+01  9.654E-01  1.4392E+01  9.0842E+00
  9.500  3.8019E-01  5.8591E-01 -1.3454E+01  9.582E-01  1.5520E+01  9.5772E+00
 10.000  2.0655E-01  5.3659E-01 -1.3563E+01  9.504E-01  1.6684E+01  1.0071E+01
 11.000 -1.2968E-01  4.4807E-01 -1.3781E+01  9.358E-01  1.9115E+01  1.1061E+01
 12.000 -4.3914E-01  3.7149E-01 -1.4001E+01  9.270E-01  2.1675E+01  1.2054E+01
 13.000 -7.2731E-01  3.1074E-01 -1.4218E+01  9.226E-01  2.4358E+01  1.3048E+01
 14.000 -9.9279E-01  2.6186E-01 -1.4434E+01  9.202E-01  2.7156E+01  1.4043E+01
 15.000 -1.2386E+00  2.2368E-01 -1.4651E+01  9.199E-01  3.0064E+01  1.5039E+01
 16.000 -1.4681E+00  1.9305E-01 -1.4873E+01  9.203E-01  3.3077E+01  1.6035E+01
 17.000 -1.6808E+00  1.6606E-01 -1.5103E+01  9.215E-01  3.6190E+01  1.7032E+01
 18.000 -1.8803E+00  1.4236E-01 -1.5325E+01  9.230E-01  3.9399E+01  1.8030E+01
 19.000 -2.0666E+00  1.2169E-01 -1.5546E+01  9.247E-01  4.2701E+01  1.9028E+01
 20.000 -2.2417E+00  1.0313E-01 -1.5764E+01  9.264E-01  4.6092E+01  2.0026E+01
