0
0.1
0.2
0.3
0.4
0.5
0.6
0.7
0.8
0.9
1
1.1
1.2
1.3
1.4
1.5
1.6
1.7
1.8
1.9
2
2.2
2.4
2.6
2.8
3
3.2
3.4
3.6
3.8
4
4.2
4.4
4.6
4.8
5
5.2
5.4
5.6
5.8
6
6.5
7
7.5
8
8.5
9
9.5
10
11
12
13
14
15
16
17
18
19
20
1.1272E-4
0.0528
0.10344
0.15012
0.19166
0.22762
0.25815
0.2838
0.30528
0.32324
0.33814
0.35027
0.35974
0.36651
0.37042
0.37124
0.36882
0.36272
0.3528
0.3389
0.32
0.26323
0.25285
0.22393
0.1876
0.15252
0.1422
0.16431
0.21092
0.26875
0.32752
0.38558
0.44073
0.49111
0.5383
0.58172
0.62151
0.65658
0.68776
0.71467
0.7353
0.76599
0.76878
0.75332
0.72336
0.68275
0.63514
0.58543
0.53694
0.44703
0.37144
0.31048
0.26051
0.21971
0.18446
0.15624
0.1345
0.11808
0.10613
