0
0.1
0.2
0.3
0.4
0.5
0.6
0.7
0.8
0.9
1
1.1
1.2
1.3
1.4
1.5
1.6
1.7
1.8
1.9
2
2.2
2.4
2.6
2.8
3
3.2
3.4
3.6
3.8
4
4.2
4.4
4.6
4.8
5
5.2
5.4
5.6
5.8
6
6.5
7
7.5
8
8.5
9
9.5
10
11
12
13
14
15
16
17
18
19
20
1.3612E-4
0.06382
0.12533
0.18256
0.2341
0.27925
0.31796
0.35066
0.37801
0.40072
0.4194
0.43451
0.44634
0.45501
0.46054
0.46284
0.46173
0.45705
0.44858
0.43614
0.41904
0.36344
0.36583
0.34623
0.31324
0.27297
0.23927
0.22013
0.22557
0.25444
0.29749
0.34823
0.40107
0.45182
0.50123
0.54763
0.59072
0.62973
0.66494
0.69588
0.72068
0.76085
0.77104
0.76085
0.73476
0.6968
0.65054
0.60096
0.55193
0.46036
0.38236
0.31925
0.26828
0.22953
0.1996
0.17628
0.15652
0.14039
0.12715
