0
0.1
0.2
0.3
0.4
0.5
0.6
0.7
0.8
0.9
1
1.1
1.2
1.3
1.4
1.5
1.6
1.7
1.8
1.9
2
2.2
2.4
2.6
2.8
3
3.2
3.4
3.6
3.8
4
4.2
4.4
4.6
4.8
5
5.2
5.4
5.6
5.8
6
6.5
7
7.5
8
8.5
9
9.5
10
11
12
13
14
15
16
17
18
19
20
4.0347E-5
0.01869
0.03542
0.04871
0.05779
0.06269
0.06397
0.06249
0.05908
0.05445
0.04911
0.0434
0.03752
0.03168
0.02608
0.02106
0.01732
0.01584
0.01719
0.02062
0.02532
0.03237
0.05361
0.06828
0.07825
0.08478
0.08852
0.0916
0.09305
0.09434
0.09384
0.09262
0.0903
0.08663
0.08194
0.07663
0.07094
0.06453
0.05812
0.0518
0.04525
0.03022
0.01799
0.0101
0.00686
0.00619
0.00593
0.0055
0.00475
0.00202
9.8663E-4
0.00246
0.00325
0.00399
0.00433
0.00424
0.00393
0.00348
0.00297
