0
0.1
0.2
0.3
0.4
0.5
0.6
0.7
0.8
0.9
1
1.1
1.2
1.3
1.4
1.5
1.6
1.7
1.8
1.9
2
2.2
2.4
2.6
2.8
3
3.2
3.4
3.6
3.8
4
4.2
4.4
4.6
4.8
5
5.2
5.4
5.6
5.8
6
6.5
7
7.5
8
8.5
9
9.5
10
11
12
13
14
15
16
17
18
19
20
16.094
16.117
16.184
16.289
16.424
16.574
16.725
16.859
16.957
17.002
16.98
16.88
16.697
16.434
16.099
15.707
15.276
14.83
14.394
13.993
13.654
13.28
7.241
6.1524
5.6566
5.4474
5.3854
5.413
5.5013
5.6339
5.8006
5.9948
6.212
6.4487
6.7026
6.9718
7.2548
7.5503
7.8575
8.1755
8.5037
9.3651
10.28
11.243
12.252
13.302
14.392
15.52
16.684
19.115
21.675
24.358
27.156
30.064
33.077
36.19
39.399
42.701
46.092
