0
0.1
0.2
0.3
0.4
0.5
0.6
0.7
0.8
0.9
1
1.1
1.2
1.3
1.4
1.5
1.6
1.7
1.8
1.9
2
2.2
2.4
2.6
2.8
3
3.2
3.4
3.6
3.8
4
4.2
4.4
4.6
4.8
5
5.2
5.4
5.6
5.8
6
6.5
7
7.5
8
8.5
9
9.5
10
11
12
13
14
15
16
17
18
19
20
15.634
15.658
15.727
15.835
15.973
16.127
16.281
16.416
16.513
16.556
16.529
16.422
16.233
15.964
15.626
15.235
14.812
14.382
13.97
13.604
13.315
11.02
6.752
5.9057
5.5223
5.3715
5.3467
5.4014
5.5111
5.6617
5.8445
6.0535
6.2845
6.5345
6.8012
7.0829
7.3782
7.686
8.0052
8.3353
8.6756
9.5674
10.513
11.507
12.547
13.63
14.753
15.914
17.112
19.613
22.246
25.003
27.877
30.863
33.956
37.15
40.442
43.827
47.303
