0
0.87412
1.74824
2.62236
3.49649
4.37061
5.24473
6.11885
6.99297
7.86709
8.74121
9.61534
10.48946
11.36358
12.2377
13.11182
13.98594
14.86007
15.73419
16.60831
17.48243
18.35655
19.23067
20.10479
20.97892
21.85304
22.72716
23.60128
24.4754
25.34952
26.22364
27.09777
27.97189
28.84601
29.72013
30.59425
31.46837
32.3425
33.21662
34.09074
34.96486
35.83898
36.7131
37.58722
38.46135
39.33547
40.20959
41.08371
41.95783
42.83195
43.70607
44.5802
45.45432
46.32844
47.20256
48.07668
48.9508
49.82493
50.69905
51.57317
52.44729
53.32141
54.19553
55.06965
55.94378
56.8179
57.69202
58.56614
59.44026
60.31438
61.1885
62.06263
62.93675
63.81087
64.68499
65.55911
66.43323
67.30736
68.18148
69.0556
69.92972
70.80384
71.67796
72.55208
73.42621
74.30033
75.17445
76.04857
76.92269
77.79681
78.67093
79.54506
80.41918
81.2933
82.16742
83.04154
83.91566
84.78979
85.66391
86.53803
87.41215
88.28627
89.16039
90.03451
90.90864
91.78276
92.65688
93.531
94.40512
95.27924
96.15336
97.02749
97.90161
98.77573
99.64985
100.52397
101.39809
102.27221
103.14634
104.02046
104.89458
105.7687
106.64282
107.51694
108.39107
109.26519
110.13931
111.01343
111.88755
112.76167
113.63579
114.50992
115.38404
116.25816
117.13228
118.0064
118.88052
119.75464
120.62877
121.50289
122.37701
123.25113
124.12525
124.99937
125.8735
126.74762
127.62174
128.49586
129.36998
130.2441
131.11822
131.99235
132.86647
133.74059
134.61471
135.48883
136.36295
137.23707
138.1112
138.98532
139.85944
140.73356
141.60768
142.4818
143.35593
144.23005
145.10417
145.97829
146.85241
147.72653
148.60065
149.47478
150.3489
151.22302
152.09714
152.97126
153.84538
154.7195
155.59363
156.46775
157.34187
158.21599
159.09011
159.96423
160.83836
161.71248
162.5866
163.46072
164.33484
165.20896
166.08308
166.95721
167.83133
168.70545
169.57957
170.45369
171.32781
172.20193
173.07606
173.95018
174.8243
175.69842
176.57254
177.44666
178.32079
179.19491
180.06903
180.94315
181.81727
182.69139
183.56551
184.43964
185.31376
186.18788
187.062
187.93612
188.81024
189.68436
190.55849
191.43261
192.30673
193.18085
194.05497
194.92909
195.80321
196.67734
197.55146
198.42558
199.2997
200.17382
201.04794
201.92207
202.79619
203.67031
204.54443
205.41855
206.29267
207.16679
208.04092
208.91504
209.78916
210.66328
211.5374
212.41152
213.28564
214.15977
215.03389
215.90801
216.78213
217.65625
218.53037
219.4045
220.27862
221.15274
222.02686
222.90098
223.7751
224.64922
225.52335
226.39747
227.27159
228.14571
229.01983
229.89395
230.76807
231.6422
232.51632
233.39044
234.26456
235.13868
236.0128
236.88693
237.76105
238.63517
239.50929
240.38341
241.25753
242.13165
243.00578
243.8799
244.75402
245.62814
246.50226
247.37638
248.2505
249.12463
249.99875
250.87287
251.74699
252.62111
253.49523
254.36936
255.24348
256.1176
256.99172
257.86584
258.73996
259.61408
260.48821
261.36233
262.23645
263.11057
263.98469
264.85881
265.73293
266.60706
267.48118
268.3553
269.22942
270.10354
270.97766
271.85178
272.72591
273.60003
274.47415
275.34827
276.22239
277.09651
277.97064
278.84476
279.71888
280.593
281.46712
282.34124
283.21536
284.08949
284.96361
285.83773
286.71185
287.58597
288.46009
289.33421
290.20834
291.08246
291.95658
292.8307
293.70482
294.57894
295.45307
296.32719
297.20131
298.07543
298.94955
299.82367
300.69779
301.57192
302.44604
303.32016
304.19428
305.0684
305.94252
306.81664
307.69077
308.56489
309.43901
310.31313
311.18725
312.06137
312.9355
313.80962
314.68374
315.55786
316.43198
317.3061
318.18022
319.05435
319.92847
320.80259
321.67671
322.55083
323.42495
324.29907
325.1732
326.04732
326.92144
327.79556
328.66968
329.5438
330.41793
331.29205
332.16617
333.04029
333.91441
334.78853
335.66265
336.53678
337.4109
338.28502
339.15914
340.03326
340.90738
341.7815
342.65563
343.52975
344.40387
345.27799
346.15211
347.02623
347.90036
348.77448
349.6486
350.52272
351.39684
352.27096
353.14508
354.01921
354.89333
355.76745
356.64157
357.51569
358.38981
359.26393
360.13806
361.01218
361.8863
362.76042
363.63454
364.50866
365.38278
366.25691
367.13103
368.00515
368.87927
369.75339
370.62751
371.50164
372.37576
373.24988
374.124
374.99812
375.87224
376.74636
377.62049
378.49461
379.36873
380.24285
381.11697
381.99109
382.86521
383.73934
384.61346
385.48758
386.3617
387.23582
388.10994
388.98407
389.85819
390.73231
391.60643
392.48055
393.35467
394.22879
395.10292
395.97704
396.85116
397.72528
398.5994
399.47352
400.34764
401.22177
402.09589
402.97001
403.84413
404.71825
405.59237
406.4665
407.34062
408.21474
409.08886
409.96298
410.8371
411.71122
412.58535
413.45947
414.33359
415.20771
416.08183
416.95595
417.83007
418.7042
419.57832
420.45244
421.32656
422.20068
423.0748
423.94893
424.82305
425.69717
426.57129
427.44541
428.31953
429.19365
430.06778
430.9419
431.81602
432.69014
433.56426
434.43838
435.3125
436.18663
437.06075
437.93487
438.80899
439.68311
440.55723
441.43136
442.30548
443.1796
444.05372
444.92784
445.80196
446.67608
447.55021
448.42433
449.29845
450.17257
451.04669
451.92081
452.79493
453.66906
454.54318
455.4173
456.29142
457.16554
458.03966
458.91378
459.78791
460.66203
461.53615
462.41027
463.28439
464.15851
465.03264
465.90676
466.78088
467.655
468.52912
469.40324
470.27736
471.15149
472.02561
472.89973
473.77385
474.64797
475.52209
476.39621
477.27034
478.14446
479.01858
479.8927
480.76682
481.64094
482.51507
483.38919
484.26331
485.13743
486.01155
486.88567
487.75979
488.63392
489.50804
490.38216
491.25628
492.1304
493.00452
493.87864
494.75277
495.62689
496.50101
497.37513
498.24925
499.12337
499.9975
500.87162
501.74574
502.61986
503.49398
504.3681
505.24222
506.11635
506.99047
507.86459
508.73871
509.61283
510.48695
511.36107
512.2352
513.10932
513.98344
514.85756
515.73168
516.6058
517.47993
518.35405
519.22817
520.10229
520.97641
521.85053
522.72465
523.59878
524.4729
525.34702
526.22114
527.09526
527.96938
528.8435
529.71763
530.59175
531.46587
532.33999
533.21411
534.08823
534.96236
535.83648
536.7106
537.58472
538.45884
539.33296
540.20708
541.08121
541.95533
542.82945
543.70357
544.57769
545.45181
546.32593
547.20006
548.07418
548.9483
549.82242
550.69654
551.57066
552.44478
553.31891
554.19303
555.06715
555.94127
556.81539
557.68951
558.56364
559.43776
560.31188
561.186
562.06012
562.93424
563.80836
564.68249
565.55661
566.43073
567.30485
568.17897
569.05309
569.92721
570.80134
571.67546
572.54958
573.4237
574.29782
575.17194
576.04607
576.92019
577.79431
578.66843
579.54255
580.41667
581.29079
582.16492
583.03904
583.91316
584.78728
585.6614
586.53552
587.40964
588.28377
589.15789
590.03201
590.90613
591.78025
592.65437
593.5285
594.40262
595.27674
596.15086
597.02498
597.8991
598.77322
599.64735
600.52147
601.39559
602.26971
603.14383
604.01795
604.89207
605.7662
606.64032
607.51444
608.38856
609.26268
610.1368
611.01093
611.88505
612.75917
613.63329
614.50741
615.38153
616.25565
617.12978
618.0039
618.87802
619.75214
620.62626
621.50038
622.3745
623.24863
624.12275
624.99687
625.87099
626.74511
627.61923
628.49336
629.36748
630.2416
631.11572
631.98984
632.86396
633.73808
634.61221
635.48633
636.36045
637.23457
638.10869
638.98281
639.85693
640.73106
641.60518
642.4793
643.35342
644.22754
645.10166
645.97578
646.84991
647.72403
648.59815
649.47227
650.34639
651.22051
652.09464
652.96876
653.84288
654.717
655.59112
656.46524
657.33936
658.21349
659.08761
659.96173
660.83585
661.70997
662.58409
663.45821
664.33234
665.20646
666.08058
666.9547
667.82882
668.70294
669.57707
670.45119
671.32531
672.19943
673.07355
673.94767
674.82179
675.69592
676.57004
677.44416
678.31828
679.1924
680.06652
680.94064
681.81477
682.68889
683.56301
684.43713
685.31125
686.18537
687.0595
687.93362
688.80774
689.68186
690.55598
691.4301
692.30422
693.17835
694.05247
694.92659
695.80071
696.67483
697.54895
698.42307
699.2972
700.17132
701.04544
701.91956
702.79368
703.6678
704.54193
705.41605
706.29017
707.16429
708.03841
708.91253
709.78665
710.66078
711.5349
712.40902
713.28314
714.15726
715.03138
715.9055
716.77963
717.65375
718.52787
719.40199
720.27611
721.15023
722.02435
722.89848
723.7726
724.64672
725.52084
726.39496
727.26908
728.14321
729.01733
729.89145
730.76557
731.63969
732.51381
733.38793
734.26206
735.13618
736.0103
736.88442
737.75854
738.63266
739.50678
740.38091
741.25503
742.12915
743.00327
743.87739
744.75151
745.62564
746.49976
747.37388
748.248
749.12212
749.99624
750.87036
751.74449
752.61861
753.49273
754.36685
755.24097
756.11509
756.98921
757.86334
758.73746
759.61158
760.4857
761.35982
762.23394
763.10807
763.98219
764.85631
765.73043
766.60455
767.47867
768.35279
769.22692
770.10104
770.97516
771.84928
772.7234
773.59752
774.47164
775.34577
776.21989
777.09401
777.96813
778.84225
779.71637
780.5905
781.46462
782.33874
783.21286
784.08698
784.9611
0
0.63784
0.53448
0.62403
0.88517
1.17439
1.60661
1.91713
2.06336
3.25907
4.5536
4.94501
4.54681
5.50488
6.60906
6.09028
7.2144
8.46247
9.29827
9.82902
10.90488
12.84626
14.10418
14.76102
17.38127
19.96796
19.25353
19.22492
20.00052
20.40357
22.28927
21.49236
20.22956
21.00945
20.03749
19.75726
20.47004
19.1768
18.31043
18.77657
18.8993
19.09356
17.98711
17.09194
17.26691
17.85132
17.48967
16.84626
15.67944
16.04572
17.14151
16.25046
14.8295
14.04369
13.05996
12.44172
11.58259
10.1847
9.39546
8.53034
8.34905
7.19442
6.38101
5.68485
5.01892
4.71824
4.67031
4.24956
3.65583
3.51454
3.27357
2.97796
3.05672
2.81677
2.54868
2.47941
2.3271
2.07872
2.11602
1.98605
1.78834
1.71714
1.5174
1.46668
1.47799
1.49929
1.38577
1.27386
1.23525
1.24205
1.10303
1.0457
1.00387
1.06096
0.9853
0.88498
0.82173
0.81431
0.85612
0.7953
0.7149
0.66506
0.65282
0.6551
0.60524
0.63923
0.62794
0.57986
0.51616
0.48833
0.50091
0.53518
0.48097
0.45885
0.41315
0.41603
0.41481
0.40775
0.39621
0.39865
0.38546
0.3737
0.36136
0.3488
0.33486
0.31471
0.33299
0.33421
0.31287
0.32023
0.29135
0.28511
0.28041
0.28232
0.27149
0.26811
0.28732
0.26502
0.2462
0.24118
0.24731
0.2319
0.22395
0.21657
0.21862
0.22777
0.22506
0.21567
0.21597
0.20529
0.20097
0.18925
0.18486
0.18038
0.17672
0.17973
0.17846
0.18172
0.17037
0.16873
0.16528
0.16192
0.1606
0.15801
0.15897
0.15373
0.15198
0.14815
0.15388
0.1538
0.14189
0.13881
0.13867
0.14152
0.1379
0.13226
0.13503
0.1359
0.12903
0.12861
0.12583
0.12509
0.12018
0.12035
0.11368
0.11574
0.12081
0.11425
0.11805
0.11405
0.11678
0.11268
0.10475
0.1098
0.10597
0.10132
0.1022
0.10849
0.10132
0.1002
0.10352
0.10187
0.10204
0.10388
0.09975
0.09419
0.0938
0.09761
0.09341
0.0942
0.08917
0.08664
0.08952
0.0869
0.09114
0.08926
0.08295
0.08209
0.08414
0.08554
0.08261
0.08234
0.08079
0.07916
0.0766
0.07212
0.077
0.07313
0.06886
0.07095
0.07344
0.07035
0.07043
0.07776
0.07902
0.07219
0.06836
0.07025
0.0695
0.06641
0.06201
0.07033
0.0652
0.0659
0.06726
0.06428
0.06302
0.06295
0.06781
0.06694
0.06572
0.06589
0.06203
0.05907
0.0626
0.06074
0.05957
0.059
0.05756
0.05649
0.05781
0.05642
0.05974
0.05778
0.05867
0.05775
0.05562
0.05451
0.05593
0.05675
0.05516
0.05364
0.05428
0.0525
0.05288
0.05115
0.04898
0.0489
0.04954
0.04937
0.0492
0.05176
0.04711
0.04659
0.046
0.04477
0.0445
0.04621
0.04616
0.04666
0.04582
0.04571
0.04779
0.0482
0.04668
0.04693
0.04694
0.04504
0.04236
0.04576
0.04605
0.04334
0.04244
0.04452
0.04365
0.0427
0.04093
0.042
0.04234
0.04116
0.03844
0.04301
0.04389
0.03961
0.03946
0.03982
0.04042
0.04038
0.04008
0.04268
0.03693
0.03909
0.04052
0.038
0.04042
0.03895
0.03833
0.0384
0.03594
0.03778
0.03749
0.03704
0.03753
0.0384
0.04064
0.0383
0.03582
0.03671
0.03574
0.03582
0.03711
0.03567
0.03454
0.03641
0.03459
0.03528
0.03372
0.03445
0.03535
0.03402
0.03237
0.03161
0.03198
0.03268
0.03243
0.03175
0.03182
0.03208
0.02958
0.03009
0.03078
0.03178
0.03228
0.03018
0.03068
0.03067
0.02937
0.02877
0.03007
0.0315
0.02965
0.02845
0.02848
0.03022
0.02998
0.02935
0.02939
0.02859
0.02738
0.02774
0.02846
0.02693
0.02871
0.02712
0.02776
0.02726
0.02794
0.02829
0.02763
0.02714
0.02714
0.02663
0.02696
0.02796
0.02671
0.02667
0.02719
0.02775
0.02641
0.02647
0.026
0.02647
0.02563
0.02474
0.02421
0.02424
0.02445
0.02623
0.02636
0.02644
0.02587
0.02537
0.02601
0.02531
0.02523
0.02352
0.02576
0.02499
0.02274
0.02539
0.02538
0.02525
0.02489
0.02492
0.0248
0.02332
0.02327
0.02314
0.0239
0.02305
0.02203
0.0223
0.02321
0.02386
0.02311
0.02328
0.02351
0.02361
0.02298
0.02297
0.02117
0.02254
0.02199
0.02185
0.02118
0.02074
0.0225
0.02169
0.02047
0.02188
0.02217
0.02236
0.02139
0.02137
0.02265
0.0214
0.02152
0.02243
0.02089
0.0199
0.0191
0.02079
0.02036
0.01918
0.01932
0.02032
0.02009
0.02076
0.01988
0.01951
0.0213
0.02058
0.01898
0.01988
0.01996
0.02016
0.02081
0.01993
0.01894
0.01952
0.01995
0.0198
0.01896
0.01997
0.01972
0.01895
0.01942
0.01997
0.02024
0.02021
0.0188
0.01869
0.01839
0.01817
0.01928
0.01881
0.01882
0.01809
0.01765
0.01816
0.01877
0.01833
0.01744
0.01812
0.01699
0.01709
0.01708
0.01722
0.01879
0.0183
0.01798
0.01806
0.01807
0.01821
0.01828
0.01717
0.01685
0.01684
0.01758
0.01689
0.01728
0.01694
0.0166
0.01728
0.01685
0.01759
0.01725
0.01688
0.01682
0.01798
0.01851
0.01753
0.01719
0.01638
0.01632
0.01628
0.01603
0.01671
0.01661
0.01698
0.01614
0.01768
0.01737
0.01631
0.01587
0.01655
0.01606
0.01546
0.01488
0.01651
0.0169
0.01563
0.01574
0.0154
0.01482
0.01573
0.01545
0.01644
0.01598
0.01524
0.01536
0.01547
0.01621
0.01563
0.01572
0.01555
0.01567
0.01513
0.01491
0.01529
0.01576
0.01481
0.01415
0.01487
0.01547
0.01497
0.01424
0.01474
0.01477
0.01548
0.01562
0.0149
0.015
0.01464
0.01508
0.01498
0.01464
0.01488
0.01485
0.01471
0.01489
0.01516
0.01505
0.01539
0.01486
0.01466
0.01412
0.01468
0.01493
0.01457
0.01408
0.0138
0.01448
0.01445
0.01372
0.01404
0.01489
0.0133
0.01289
0.01351
0.01322
0.01305
0.0132
0.01358
0.01399
0.01335
0.0135
0.01311
0.01321
0.01355
0.0137
0.01359
0.01416
0.01389
0.01417
0.01414
0.01365
0.01347
0.01371
0.01419
0.01457
0.01333
0.01331
0.01378
0.01265
0.01258
0.0129
0.01376
0.01348
0.01254
0.01257
0.01282
0.01333
0.01389
0.01316
0.01348
0.01301
0.01285
0.01274
0.01254
0.01233
0.0124
0.01337
0.01327
0.01263
0.01352
0.01309
0.01315
0.01302
0.01361
0.0131
0.0123
0.01246
0.0125
0.01292
0.01274
0.01307
0.01337
0.01314
0.01292
0.01296
0.01254
0.01229
0.01276
0.013
0.01203
0.01198
0.01316
0.013
0.01234
0.01279
0.01269
0.01222
0.01309
0.0133
0.01249
0.01302
0.01249
0.01231
0.01252
0.01185
0.01227
0.01311
0.01292
0.01256
0.01193
0.01208
0.01182
0.012
0.01234
0.01157
0.01214
0.01194
0.01143
0.01219
0.01297
0.01226
0.01149
0.01217
0.01181
0.01195
0.01289
0.01262
0.01202
0.01167
0.01206
0.01233
0.01203
0.01247
0.0118
0.01091
0.01142
0.01214
0.0122
0.01178
0.01183
0.01163
0.0116
0.01162
0.01163
0.01184
0.01141
0.01126
0.01193
0.0121
0.01186
0.01231
0.01192
0.01135
0.01184
0.0118
0.01172
0.01101
0.01106
0.01166
0.01212
0.01247
0.01111
0.01089
0.01159
0.01099
0.01188
0.012
0.01134
0.01154
0.01175
0.01176
0.01147
0.01153
0.01141
0.01103
0.01096
0.01141
0.01093
0.01129
0.01132
0.01167
0.01163
0.01071
0.01084
0.01136
0.01158
0.0111
0.0111
0.01123
0.01127
0.01076
0.01071
0.01135
0.01157
0.01109
0.01074
0.01136
0.01086
0.01089
0.01135
0.01095
0.011
0.01103
0.01035
0.01017
0.0106
0.01097
0.01087
0.01068
0.0109
0.01153
0.01079
0.011
0.0115
0.01091
0.01114
0.01168
0.01122
0.01012
0.01039
0.01102
0.0107
0.01109
0.01114
0.01041
0.01066
0.01078
0.01087
0.0106
0.01045
0.01016
0.01026
0.01104
0.01058
0.01094
0.01133
0.01028
0.01019
0.0113
0.01061
0.01079
0.01117
0.01087
0.01098
0.0114
0.01125
0.01095
0.01169
0.01102
0.01099
0.01081
0.01076
0.01058
0.01062
0.01093
0.01066
0.01061
0.01097
0.01055
0.01008
0.00991
0.01027
0.01011
0.01051
0.01109
0.01056
0.01128
0.01171
0.01128
0.0109
0.01073
0.01062
0.01062
0.01082
0.01047
0.01075
0.01066
0.01088
0.01063
0.01082
0.01144
0.01083
0.01037
0.01046
0.01065
0.01041
0.01082
0.01093
0.01082
0.01045
0.01059
0.01092
0.01065
0.01041
0.01098
0.01068
0.01108
0.01078
0.01015
0.01078
0.01056
0.01076
0.01158
0.01146
0.01062
0.01074
0.01119
0.01091
0.0111
0.01066
0.01114
0.01083
0.01136
