0
0.74907
1.49814
2.24721
2.99627
3.74534
4.49441
5.24348
5.99255
6.74162
7.49068
8.23975
8.98882
9.73789
10.48696
11.23603
11.98509
12.73416
13.48323
14.2323
14.98137
15.73044
16.4795
17.22857
17.97764
18.72671
19.47578
20.22485
20.97391
21.72298
22.47205
23.22112
23.97019
24.71926
25.46832
26.21739
26.96646
27.71553
28.4646
29.21367
29.96273
30.7118
31.46087
32.20994
32.95901
33.70808
34.45714
35.20621
35.95528
36.70435
37.45342
38.20249
38.95155
39.70062
40.44969
41.19876
41.94783
42.6969
43.44596
44.19503
44.9441
45.69317
46.44224
47.19131
47.94037
48.68944
49.43851
50.18758
50.93665
51.68572
52.43478
53.18385
53.93292
54.68199
55.43106
56.18013
56.92919
57.67826
58.42733
59.1764
59.92547
60.67454
61.4236
62.17267
62.92174
63.67081
64.41988
65.16895
65.91801
66.66708
67.41615
68.16522
68.91429
69.66336
70.41242
71.16149
71.91056
72.65963
73.4087
74.15777
74.90683
75.6559
76.40497
77.15404
77.90311
78.65218
79.40124
80.15031
80.89938
81.64845
82.39752
83.14659
83.89566
84.64472
85.39379
86.14286
86.89193
87.641
88.39007
89.13913
89.8882
90.63727
91.38634
92.13541
92.88448
93.63354
94.38261
95.13168
95.88075
96.62982
97.37889
98.12795
98.87702
99.62609
100.37516
101.12423
101.8733
102.62236
103.37143
104.1205
104.86957
105.61864
106.36771
107.11677
107.86584
108.61491
109.36398
110.11305
110.86212
111.61118
112.36025
113.10932
113.85839
114.60746
115.35653
116.10559
116.85466
117.60373
118.3528
119.10187
119.85094
120.6
121.34907
122.09814
122.84721
123.59628
124.34535
125.09441
125.84348
126.59255
127.34162
128.09069
128.83976
129.58882
130.33789
131.08696
131.83603
132.5851
133.33417
134.08323
134.8323
135.58137
136.33044
137.07951
137.82858
138.57764
139.32671
140.07578
140.82485
141.57392
142.32299
143.07205
143.82112
144.57019
145.31926
146.06833
146.8174
147.56646
148.31553
149.0646
149.81367
150.56274
151.31181
152.06087
152.80994
153.55901
154.30808
155.05715
155.80622
156.55528
157.30435
158.05342
158.80249
159.55156
160.30063
161.04969
161.79876
162.54783
163.2969
164.04597
164.79504
165.54411
166.29317
167.04224
167.79131
168.54038
169.28945
170.03852
170.78758
171.53665
172.28572
173.03479
173.78386
174.53293
175.28199
176.03106
176.78013
177.5292
178.27827
179.02734
179.7764
180.52547
181.27454
182.02361
182.77268
183.52175
184.27081
185.01988
185.76895
186.51802
187.26709
188.01616
188.76522
189.51429
190.26336
191.01243
191.7615
192.51057
193.25963
194.0087
194.75777
195.50684
196.25591
197.00498
197.75404
198.50311
199.25218
200.00125
200.75032
201.49939
202.24845
202.99752
203.74659
204.49566
205.24473
205.9938
206.74286
207.49193
208.241
208.99007
209.73914
210.48821
211.23727
211.98634
212.73541
213.48448
214.23355
214.98262
215.73168
216.48075
217.22982
217.97889
218.72796
219.47703
220.22609
220.97516
221.72423
222.4733
223.22237
223.97144
224.7205
225.46957
226.21864
226.96771
227.71678
228.46585
229.21491
229.96398
230.71305
231.46212
232.21119
232.96026
233.70932
234.45839
235.20746
235.95653
236.7056
237.45467
238.20373
238.9528
239.70187
240.45094
241.20001
241.94908
242.69814
243.44721
244.19628
244.94535
245.69442
246.44349
247.19256
247.94162
248.69069
249.43976
250.18883
250.9379
251.68697
252.43603
253.1851
253.93417
254.68324
255.43231
256.18138
256.93044
257.67951
258.42858
259.17765
259.92672
260.67579
261.42485
262.17392
262.92299
263.67206
264.42113
265.1702
265.91926
266.66833
267.4174
268.16647
268.91554
269.66461
270.41367
271.16274
271.91181
272.66088
273.40995
274.15902
274.90808
275.65715
276.40622
277.15529
277.90436
278.65343
279.40249
280.15156
280.90063
281.6497
282.39877
283.14784
283.8969
284.64597
285.39504
286.14411
286.89318
287.64225
288.39131
289.14038
289.88945
290.63852
291.38759
292.13666
292.88572
293.63479
294.38386
295.13293
295.882
296.63107
297.38013
298.1292
298.87827
299.62734
300.37641
301.12548
301.87454
302.62361
303.37268
304.12175
304.87082
305.61989
306.36895
307.11802
307.86709
308.61616
309.36523
310.1143
310.86336
311.61243
312.3615
313.11057
313.85964
314.60871
315.35777
316.10684
316.85591
317.60498
318.35405
319.10312
319.85218
320.60125
321.35032
322.09939
322.84846
323.59753
324.34659
325.09566
325.84473
326.5938
327.34287
328.09194
328.841
329.59007
330.33914
331.08821
331.83728
332.58635
333.33542
334.08448
334.83355
335.58262
336.33169
337.08076
337.82983
338.57889
339.32796
340.07703
340.8261
341.57517
342.32424
343.0733
343.82237
344.57144
345.32051
346.06958
346.81865
347.56771
348.31678
349.06585
349.81492
350.56399
351.31306
352.06212
352.81119
353.56026
354.30933
355.0584
355.80747
356.55653
357.3056
358.05467
358.80374
359.55281
360.30188
361.05094
361.80001
362.54908
363.29815
364.04722
364.79629
365.54535
366.29442
367.04349
367.79256
368.54163
369.2907
370.03976
370.78883
371.5379
372.28697
373.03604
373.78511
374.53417
375.28324
376.03231
376.78138
377.53045
378.27952
379.02858
379.77765
380.52672
381.27579
382.02486
382.77393
383.52299
384.27206
385.02113
385.7702
386.51927
387.26834
388.0174
388.76647
389.51554
390.26461
391.01368
391.76275
392.51181
393.26088
394.00995
394.75902
395.50809
396.25716
397.00622
397.75529
398.50436
399.25343
400.0025
400.75157
401.50063
402.2497
402.99877
403.74784
404.49691
405.24598
405.99504
406.74411
407.49318
408.24225
408.99132
409.74039
410.48945
411.23852
411.98759
412.73666
413.48573
414.2348
414.98387
415.73293
416.482
417.23107
417.98014
418.72921
419.47828
420.22734
420.97641
421.72548
422.47455
423.22362
423.97269
424.72175
425.47082
426.21989
426.96896
427.71803
428.4671
429.21616
429.96523
430.7143
431.46337
432.21244
432.96151
433.71057
434.45964
435.20871
435.95778
436.70685
437.45592
438.20498
438.95405
439.70312
440.45219
441.20126
441.95033
442.69939
443.44846
444.19753
444.9466
445.69567
446.44474
447.1938
447.94287
448.69194
449.44101
450.19008
450.93915
451.68821
452.43728
453.18635
453.93542
454.68449
455.43356
456.18262
456.93169
457.68076
458.42983
459.1789
459.92797
460.67703
461.4261
462.17517
462.92424
463.67331
464.42238
465.17144
465.92051
466.66958
467.41865
468.16772
468.91679
469.66585
470.41492
471.16399
471.91306
472.66213
473.4112
474.16026
474.90933
475.6584
476.40747
477.15654
477.90561
478.65467
479.40374
480.15281
480.90188
481.65095
482.40002
483.14908
483.89815
484.64722
485.39629
486.14536
486.89443
487.64349
488.39256
489.14163
489.8907
490.63977
491.38884
492.1379
492.88697
493.63604
494.38511
495.13418
495.88325
496.63232
497.38138
498.13045
498.87952
499.62859
500.37766
501.12673
501.87579
502.62486
503.37393
504.123
504.87207
505.62114
506.3702
507.11927
507.86834
508.61741
509.36648
510.11555
510.86461
511.61368
512.36275
513.11182
513.86089
514.60996
515.35902
516.10809
516.85716
517.60623
518.3553
519.10437
519.85343
520.6025
521.35157
522.10064
522.84971
523.59878
524.34784
525.09691
525.84598
526.59505
527.34412
528.09319
528.84225
529.59132
530.34039
531.08946
531.83853
532.5876
533.33666
534.08573
534.8348
535.58387
536.33294
537.08201
537.83107
538.58014
539.32921
540.07828
540.82735
541.57642
542.32548
543.07455
543.82362
544.57269
545.32176
546.07083
546.81989
547.56896
548.31803
549.0671
549.81617
550.56524
551.3143
552.06337
552.81244
553.56151
554.31058
555.05965
555.80871
556.55778
557.30685
558.05592
558.80499
559.55406
560.30312
561.05219
561.80126
562.55033
563.2994
564.04847
564.79753
565.5466
566.29567
567.04474
567.79381
568.54288
569.29194
570.04101
570.79008
571.53915
572.28822
573.03729
573.78635
574.53542
575.28449
576.03356
576.78263
577.5317
578.28077
579.02983
579.7789
580.52797
581.27704
582.02611
582.77518
583.52424
584.27331
585.02238
585.77145
586.52052
587.26959
588.01865
588.76772
589.51679
590.26586
591.01493
591.764
592.51306
593.26213
594.0112
594.76027
595.50934
596.25841
597.00747
597.75654
598.50561
599.25468
600.00375
600.75282
601.50188
602.25095
603.00002
603.74909
604.49816
605.24723
605.99629
606.74536
607.49443
608.2435
608.99257
609.74164
610.4907
611.23977
611.98884
612.73791
613.48698
614.23605
614.98511
615.73418
616.48325
617.23232
617.98139
618.73046
619.47952
620.22859
620.97766
621.72673
622.4758
623.22487
623.97393
624.723
625.47207
626.22114
626.97021
627.71928
628.46834
629.21741
629.96648
630.71555
631.46462
632.21369
632.96275
633.71182
634.46089
635.20996
635.95903
636.7081
637.45716
638.20623
638.9553
639.70437
640.45344
641.20251
641.95157
642.70064
643.44971
644.19878
644.94785
645.69692
646.44598
647.19505
647.94412
648.69319
649.44226
650.19133
650.94039
651.68946
652.43853
653.1876
653.93667
654.68574
655.4348
656.18387
656.93294
657.68201
658.43108
659.18015
659.92922
660.67828
661.42735
662.17642
662.92549
663.67456
664.42363
665.17269
665.92176
666.67083
667.4199
668.16897
668.91804
669.6671
670.41617
671.16524
671.91431
672.66338
673.41245
674.16151
674.91058
675.65965
676.40872
677.15779
677.90686
678.65592
679.40499
680.15406
680.90313
681.6522
682.40127
683.15033
683.8994
684.64847
685.39754
686.14661
686.89568
687.64474
688.39381
689.14288
689.89195
690.64102
691.39009
692.13915
692.88822
693.63729
694.38636
695.13543
695.8845
696.63356
697.38263
698.1317
698.88077
699.62984
700.37891
701.12797
701.87704
702.62611
703.37518
704.12425
704.87332
705.62238
706.37145
707.12052
707.86959
708.61866
709.36773
710.11679
710.86586
711.61493
712.364
713.11307
713.86214
714.6112
715.36027
716.10934
716.85841
717.60748
718.35655
719.10561
719.85468
720.60375
721.35282
722.10189
722.85096
723.60002
724.34909
725.09816
725.84723
726.5963
727.34537
728.09443
728.8435
729.59257
730.34164
731.09071
731.83978
732.58884
733.33791
734.08698
734.83605
735.58512
736.33419
737.08325
737.83232
738.58139
739.33046
740.07953
740.8286
741.57767
742.32673
743.0758
743.82487
744.57394
745.32301
746.07208
746.82114
747.57021
748.31928
749.06835
749.81742
750.56649
751.31555
752.06462
752.81369
753.56276
754.31183
755.0609
755.80996
756.55903
757.3081
758.05717
758.80624
759.55531
760.30437
761.05344
761.80251
762.55158
763.30065
764.04972
764.79878
765.54785
766.29692
767.04599
767.79506
768.54413
769.29319
770.04226
770.79133
771.5404
772.28947
773.03854
773.7876
774.53667
775.28574
776.03481
776.78388
777.53295
778.28201
779.03108
779.78015
780.52922
781.27829
782.02736
782.77642
783.52549
784.27456
785.02363
4.44089E-16
0.54135
0.42077
0.41733
0.46406
0.75702
0.88442
0.85081
0.90406
1.33534
1.45003
1.79339
2.611
3.03062
4.08075
4.53337
5.10097
6.15525
6.21445
7.01529
7.12664
8.3635
9.07853
8.86957
10.1501
12.25054
15.09578
17.58893
19.56077
20.89196
20.39518
20.78239
20.08706
21.22119
24.60123
25.8291
27.62215
27.52156
24.45513
24.52768
24.49904
22.87841
22.1755
22.69265
20.30333
18.62471
19.05709
18.26547
18.66118
19.72822
19.7965
19.85266
20.30533
19.91998
20.86755
20.35082
19.66659
20.95914
19.56882
17.47701
18.08169
15.66026
13.82549
11.37156
9.3167
8.11952
7.4352
7.26029
6.26386
5.65182
5.04218
5.08376
4.35039
3.61554
3.46749
3.41899
3.00248
2.72173
2.85128
2.71625
2.39803
2.14534
2.02429
1.98076
1.92093
1.75523
1.71572
1.65374
1.70636
1.53454
1.4785
1.45097
1.20809
1.12206
1.16858
1.24638
1.13143
1.0676
1.05241
1.0359
0.91217
0.88509
0.86655
0.84278
0.83817
0.79387
0.75242
0.74763
0.73867
0.72262
0.65201
0.6377
0.64358
0.65352
0.64204
0.58832
0.55587
0.51791
0.52351
0.51751
0.49478
0.49851
0.50781
0.48416
0.46493
0.45209
0.43708
0.4338
0.43469
0.42389
0.40825
0.38564
0.37259
0.35374
0.34545
0.3521
0.33556
0.32537
0.31934
0.29409
0.29525
0.29867
0.29616
0.28906
0.28015
0.28964
0.30167
0.29936
0.27535
0.27758
0.27059
0.25724
0.24035
0.24041
0.24729
0.25144
0.24434
0.2317
0.24509
0.22923
0.22068
0.21165
0.2083
0.21215
0.20293
0.21521
0.21312
0.19295
0.19934
0.21308
0.1968
0.17982
0.17413
0.17446
0.18017
0.17742
0.17942
0.18045
0.17336
0.17937
0.17137
0.16167
0.1681
0.16061
0.15785
0.15606
0.16245
0.1584
0.15173
0.14315
0.14621
0.1409
0.14445
0.14241
0.13902
0.13885
0.13101
0.12374
0.13046
0.13023
0.1329
0.13212
0.12592
0.12308
0.12641
0.12268
0.12643
0.1201
0.12593
0.12554
0.12144
0.12056
0.11569
0.12106
0.11368
0.11026
0.11116
0.11073
0.11371
0.10736
0.10686
0.10651
0.11191
0.10038
0.10322
0.10601
0.10031
0.10112
0.10148
0.10276
0.10038
0.0981
0.09792
0.09251
0.08706
0.09053
0.09485
0.09651
0.09238
0.09672
0.08964
0.08826
0.08903
0.08768
0.0869
0.08373
0.08466
0.08894
0.08805
0.08448
0.08374
0.08088
0.07769
0.08083
0.08436
0.08072
0.08028
0.07955
0.07547
0.07325
0.07269
0.06835
0.07302
0.07554
0.07413
0.07352
0.07755
0.0692
0.07326
0.07445
0.07082
0.07396
0.07474
0.07114
0.07262
0.0711
0.0699
0.06728
0.06465
0.06518
0.06656
0.06939
0.06674
0.06441
0.06477
0.06564
0.0644
0.0582
0.06294
0.06127
0.06061
0.06094
0.06366
0.05785
0.05719
0.06047
0.0599
0.06576
0.05953
0.0562
0.05781
0.05732
0.05631
0.05581
0.05766
0.05296
0.05232
0.05292
0.05193
0.05491
0.0523
0.05371
0.05512
0.05471
0.05086
0.05039
0.04959
0.04939
0.05227
0.05347
0.05235
0.0529
0.0537
0.0502
0.05022
0.0486
0.04771
0.05349
0.05143
0.04975
0.04995
0.04853
0.04585
0.04395
0.0469
0.04856
0.04794
0.05071
0.04811
0.04526
0.04608
0.04432
0.04417
0.04479
0.04475
0.04284
0.04238
0.04289
0.04183
0.04361
0.04314
0.04206
0.04216
0.04088
0.04129
0.04273
0.04061
0.04314
0.04295
0.03827
0.03964
0.03828
0.03769
0.04118
0.04085
0.0414
0.03985
0.03983
0.03971
0.03844
0.03927
0.03709
0.03619
0.03654
0.03781
0.03811
0.03891
0.03809
0.03636
0.0364
0.03616
0.03629
0.03619
0.03579
0.03421
0.03385
0.03675
0.03671
0.03466
0.03472
0.03617
0.03636
0.03518
0.03514
0.03641
0.03591
0.03335
0.03314
0.03369
0.03139
0.03316
0.03474
0.0336
0.03187
0.03216
0.03204
0.02999
0.03119
0.03234
0.03268
0.03237
0.03235
0.03305
0.03243
0.03298
0.0332
0.03263
0.03115
0.03174
0.03094
0.02918
0.02997
0.03037
0.02905
0.02883
0.02907
0.02947
0.0285
0.02756
0.02744
0.02919
0.02751
0.02741
0.02943
0.02931
0.03136
0.0305
0.02921
0.02908
0.02817
0.0265
0.0276
0.0279
0.02828
0.02715
0.0252
0.02578
0.02576
0.02686
0.02741
0.0276
0.02793
0.0282
0.02714
0.02618
0.0257
0.02673
0.02554
0.02624
0.02557
0.02577
0.02562
0.02553
0.02537
0.02632
0.02587
0.02487
0.02419
0.02536
0.02538
0.02485
0.02469
0.02415
0.02402
0.02436
0.02418
0.02493
0.02606
0.02553
0.02478
0.02451
0.02516
0.02568
0.02456
0.02392
0.02308
0.02413
0.02334
0.02257
0.02422
0.02414
0.0243
0.02269
0.02379
0.02404
0.02392
0.02172
0.02111
0.02288
0.02329
0.022
0.02171
0.02075
0.02233
0.02284
0.02289
0.02211
0.02205
0.02219
0.02163
0.02278
0.02254
0.02258
0.02196
0.02079
0.02043
0.02244
0.02107
0.02181
0.02346
0.02216
0.02104
0.0222
0.02304
0.02279
0.02149
0.02116
0.02186
0.0205
0.02081
0.02182
0.02149
0.02082
0.01932
0.02003
0.02025
0.02039
0.02041
0.01988
0.02017
0.02042
0.01939
0.0196
0.02015
0.01989
0.02042
0.01981
0.0203
0.01859
0.01834
0.01943
0.0194
0.01926
0.01985
0.01951
0.01944
0.02062
0.01984
0.01921
0.0189
0.01879
0.01914
0.01803
0.01849
0.02022
0.02031
0.01977
0.01921
0.01911
0.01887
0.01797
0.0188
0.01942
0.01783
0.01776
0.01862
0.01859
0.01791
0.01761
0.01856
0.01866
0.01818
0.0184
0.01779
0.01662
0.01626
0.01738
0.01741
0.01772
0.018
0.01773
0.01776
0.01776
0.01751
0.01775
0.01748
0.01747
0.01745
0.017
0.01658
0.01773
0.01693
0.01577
0.01755
0.01778
0.01717
0.01704
0.01702
0.0167
0.01612
0.01746
0.01741
0.01617
0.01701
0.01672
0.01672
0.0167
0.01631
0.01661
0.01651
0.01695
0.01667
0.01521
0.01629
0.01612
0.01624
0.01648
0.01635
0.01537
0.01643
0.01643
0.01575
0.01539
0.0159
0.01537
0.01646
0.01674
0.01632
0.01541
0.01433
0.01538
0.01668
0.01616
0.01519
0.01519
0.01529
0.01519
0.0153
0.01456
0.01508
0.01527
0.01561
0.01606
0.01573
0.01598
0.01482
0.01593
0.01538
0.01511
0.015
0.01465
0.01496
0.01524
0.01479
0.01462
0.014
0.01435
0.01497
0.01454
0.01489
0.01516
0.01515
0.015
0.01492
0.01522
0.01426
0.01418
0.01491
0.01441
0.01405
0.0141
0.01402
0.01354
0.01336
0.01407
0.01466
0.01421
0.01461
0.01442
0.01375
0.01393
0.01453
0.01425
0.01394
0.01403
0.01401
0.01377
0.01355
0.01348
0.01347
0.01483
0.01403
0.0137
0.01436
0.01372
0.01334
0.01295
0.01356
0.01418
0.01339
0.01296
0.01324
0.01355
0.01326
0.01319
0.01333
0.01314
0.01335
0.0137
0.014
0.01375
0.0142
0.01396
0.01336
0.01352
0.01392
0.01424
0.01319
0.0127
0.01298
0.01288
0.01319
0.01344
0.01293
0.01267
0.01286
0.01301
0.01295
0.01319
0.01297
0.01276
0.01309
0.01372
0.01321
0.01283
0.01315
0.01255
0.01284
0.01289
0.01281
0.01271
0.0136
0.01267
0.01297
0.01338
0.01228
0.01225
0.0129
0.01357
0.01291
0.01174
0.01178
0.01235
0.0124
0.01187
0.0128
0.01268
0.01234
0.01207
0.01239
0.01231
0.01216
0.01221
0.01273
0.01268
0.01281
0.01254
0.01284
0.01306
0.01252
0.01268
0.01213
0.01263
0.01216
0.01194
0.01159
0.01222
0.01249
0.01244
0.01242
0.0115
0.01249
0.01293
0.01212
0.01237
0.01181
0.01232
0.01262
0.01097
0.01229
0.01154
0.01146
0.01231
0.01198
0.01181
0.01228
0.01222
0.01151
0.01123
0.0119
0.01185
0.0111
0.01114
0.01133
0.01136
0.01159
0.01221
0.01184
0.01174
0.01152
0.01146
0.01197
0.01174
0.01164
0.01173
0.01236
0.01152
0.01192
0.01193
0.01145
0.01113
0.01155
0.0115
0.01112
0.01152
0.01154
0.01166
0.01233
0.01195
0.01164
0.01174
0.01194
0.0113
0.01084
0.01122
0.01149
0.0119
0.01131
0.01107
0.01126
0.01121
0.01102
0.01152
0.01178
0.01109
0.01154
0.01158
0.01105
0.01079
0.01135
0.0115
0.0117
0.01108
0.01131
0.01157
0.01112
0.01153
0.01163
0.01185
0.01157
0.0115
0.01071
0.01075
0.01115
0.01066
0.01086
0.01095
0.01197
0.01169
0.01095
0.01061
0.01089
0.01061
0.0112
0.01184
0.01112
0.01117
0.01133
0.01065
0.01126
0.01096
0.01108
0.01147
0.01104
0.01079
0.01068
0.01089
0.01037
0.01062
0.0107
0.01035
0.01141
0.01084
0.01046
0.0107
0.0111
0.01163
0.01148
0.0108
0.01153
0.01138
0.01104
0.01064
0.01131
0.01052
0.01048
0.01132
0.01156
0.01078
0.01009
0.01108
0.01127
0.0106
0.01031
0.01036
0.00989
0.01093
0.01083
0.01046
0.00986
0.00991
0.0107
0.01104
0.01117
0.01096
0.01059
0.01059
0.0112
0.01108
0.01095
0.01079
0.01115
0.01027
0.01058
0.01116
0.01135
0.01124
0.01078
0.01074
0.00979
0.00968
0.01048
0.01081
0.01018
0.01051
0.01102
0.01094
0.01059
0.01048
0.01009
0.01088
0.01014
0.01017
0.01056
0.01034
0.01095
0.01055
0.0108
0.01097
0.01083
0.01017
0.01048
0.01074
0.01028
0.01138
0.01097
0.01026
0.01077
0.01104
0.01036
0.00994
0.01027
0.01115
0.01069
0.0111
0.01062
0.01058
0.01069
0.0112
0.01102
0.01101
0.01036
0.01069
0.01031
0.01059
0.01051
0.0102
0.01058
0.01083
0.01038
0.01081
0.01161
0.01098
0.01089
0.01058
0.01043
0.01043
0.0109
0.01061
0.01008
0.01069
0.01053
0.01075
0.01015
0.01034
0.01066
0.01086
0.01085
0.01079
0.01072
0.01055
0.01033
0.00977
0.01114
0.01062
0.01077
0.01133
0.01069
0.01053
0.0102
0.00968
0.0099
0.0103
0.01044
0.01054
0.01057
0.01078
0.01038
0.01031
0.00958
0.01039
0.01087
0.00965
0.01065
0.01055
0.00958
0.01021
0.01035
0.01052
