0
0.60485
1.2097
1.81455
2.4194
3.02425
3.6291
4.23395
4.8388
5.44365
6.0485
6.65335
7.2582
7.86305
8.4679
9.07276
9.67761
10.28246
10.88731
11.49216
12.09701
12.70186
13.30671
13.91156
14.51641
15.12126
15.72611
16.33096
16.93581
17.54066
18.14551
18.75036
19.35521
19.96006
20.56491
21.16976
21.77461
22.37946
22.98431
23.58916
24.19401
24.79886
25.40371
26.00856
26.61341
27.21827
27.82312
28.42797
29.03282
29.63767
30.24252
30.84737
31.45222
32.05707
32.66192
33.26677
33.87162
34.47647
35.08132
35.68617
36.29102
36.89587
37.50072
38.10557
38.71042
39.31527
39.92012
40.52497
41.12982
41.73467
42.33952
42.94437
43.54922
44.15407
44.75892
45.36378
45.96863
46.57348
47.17833
47.78318
48.38803
48.99288
49.59773
50.20258
50.80743
51.41228
52.01713
52.62198
53.22683
53.83168
54.43653
55.04138
55.64623
56.25108
56.85593
57.46078
58.06563
58.67048
59.27533
59.88018
60.48503
61.08988
61.69473
62.29958
62.90444
63.50929
64.11414
64.71899
65.32384
65.92869
66.53354
67.13839
67.74324
68.34809
68.95294
69.55779
70.16264
70.76749
71.37234
71.97719
72.58204
73.18689
73.79174
74.39659
75.00144
75.60629
76.21114
76.81599
77.42084
78.02569
78.63054
79.23539
79.84024
80.44509
81.04995
81.6548
82.25965
82.8645
83.46935
84.0742
84.67905
85.2839
85.88875
86.4936
87.09845
87.7033
88.30815
88.913
89.51785
90.1227
90.72755
91.3324
91.93725
92.5421
93.14695
93.7518
94.35665
94.9615
95.56635
96.1712
96.77605
97.3809
97.98575
98.59061
99.19546
99.80031
100.40516
101.01001
101.61486
102.21971
102.82456
103.42941
104.03426
104.63911
105.24396
105.84881
106.45366
107.05851
107.66336
108.26821
108.87306
109.47791
110.08276
110.68761
111.29246
111.89731
112.50216
113.10701
113.71186
114.31671
114.92156
115.52641
116.13126
116.73612
117.34097
117.94582
118.55067
119.15552
119.76037
120.36522
120.97007
121.57492
122.17977
122.78462
123.38947
123.99432
124.59917
125.20402
125.80887
126.41372
127.01857
127.62342
128.22827
128.83312
129.43797
130.04282
130.64767
131.25252
131.85737
132.46222
133.06707
133.67192
134.27677
134.88163
135.48648
136.09133
136.69618
137.30103
137.90588
138.51073
139.11558
139.72043
140.32528
140.93013
141.53498
142.13983
142.74468
143.34953
143.95438
144.55923
145.16408
145.76893
146.37378
146.97863
147.58348
148.18833
148.79318
149.39803
150.00288
150.60773
151.21258
151.81743
152.42229
153.02714
153.63199
154.23684
154.84169
155.44654
156.05139
156.65624
157.26109
157.86594
158.47079
159.07564
159.68049
160.28534
160.89019
161.49504
162.09989
162.70474
163.30959
163.91444
164.51929
165.12414
165.72899
166.33384
166.93869
167.54354
168.14839
168.75324
169.35809
169.96294
170.5678
171.17265
171.7775
172.38235
172.9872
173.59205
174.1969
174.80175
175.4066
176.01145
176.6163
177.22115
177.826
178.43085
179.0357
179.64055
180.2454
180.85025
181.4551
182.05995
182.6648
183.26965
183.8745
184.47935
185.0842
185.68905
186.2939
186.89875
187.5036
188.10845
188.71331
189.31816
189.92301
190.52786
191.13271
191.73756
192.34241
192.94726
193.55211
194.15696
194.76181
195.36666
195.97151
196.57636
197.18121
197.78606
198.39091
198.99576
199.60061
200.20546
200.81031
201.41516
202.02001
202.62486
203.22971
203.83456
204.43941
205.04426
205.64911
206.25397
206.85882
207.46367
208.06852
208.67337
209.27822
209.88307
210.48792
211.09277
211.69762
212.30247
212.90732
213.51217
214.11702
214.72187
215.32672
215.93157
216.53642
217.14127
217.74612
218.35097
218.95582
219.56067
220.16552
220.77037
221.37522
221.98007
222.58492
223.18977
223.79462
224.39948
225.00433
225.60918
226.21403
226.81888
227.42373
228.02858
228.63343
229.23828
229.84313
230.44798
231.05283
231.65768
232.26253
232.86738
233.47223
234.07708
234.68193
235.28678
235.89163
236.49648
237.10133
237.70618
238.31103
238.91588
239.52073
240.12558
240.73043
241.33528
241.94014
242.54499
243.14984
243.75469
244.35954
244.96439
245.56924
246.17409
246.77894
247.38379
247.98864
248.59349
249.19834
249.80319
250.40804
251.01289
251.61774
252.22259
252.82744
253.43229
254.03714
254.64199
255.24684
255.85169
256.45654
257.06139
257.66624
258.27109
258.87594
259.48079
260.08565
260.6905
261.29535
261.9002
262.50505
263.1099
263.71475
264.3196
264.92445
265.5293
266.13415
266.739
267.34385
267.9487
268.55355
269.1584
269.76325
270.3681
270.97295
271.5778
272.18265
272.7875
273.39235
273.9972
274.60205
275.2069
275.81175
276.4166
277.02145
277.6263
278.23116
278.83601
279.44086
280.04571
280.65056
281.25541
281.86026
282.46511
283.06996
283.67481
284.27966
284.88451
285.48936
286.09421
286.69906
287.30391
287.90876
288.51361
289.11846
289.72331
290.32816
290.93301
291.53786
292.14271
292.74756
293.35241
293.95726
294.56211
295.16696
295.77182
296.37667
296.98152
297.58637
298.19122
298.79607
299.40092
300.00577
300.61062
301.21547
301.82032
302.42517
303.03002
303.63487
304.23972
304.84457
305.44942
306.05427
306.65912
307.26397
307.86882
308.47367
309.07852
309.68337
310.28822
310.89307
311.49792
312.10277
312.70762
313.31247
313.91733
314.52218
315.12703
315.73188
316.33673
316.94158
317.54643
318.15128
318.75613
319.36098
319.96583
320.57068
321.17553
321.78038
322.38523
322.99008
323.59493
324.19978
324.80463
325.40948
326.01433
326.61918
327.22403
327.82888
328.43373
329.03858
329.64343
330.24828
330.85313
331.45799
332.06284
332.66769
333.27254
333.87739
334.48224
335.08709
335.69194
336.29679
336.90164
337.50649
338.11134
338.71619
339.32104
339.92589
340.53074
341.13559
341.74044
342.34529
342.95014
343.55499
344.15984
344.76469
345.36954
345.97439
346.57924
347.18409
347.78894
348.39379
348.99864
349.6035
350.20835
350.8132
351.41805
352.0229
352.62775
353.2326
353.83745
354.4423
355.04715
355.652
356.25685
356.8617
357.46655
358.0714
358.67625
359.2811
359.88595
360.4908
361.09565
361.7005
362.30535
362.9102
363.51505
364.1199
364.72475
365.3296
365.93445
366.5393
367.14415
367.74901
368.35386
368.95871
369.56356
370.16841
370.77326
371.37811
371.98296
372.58781
373.19266
373.79751
374.40236
375.00721
375.61206
376.21691
376.82176
377.42661
378.03146
378.63631
379.24116
379.84601
380.45086
381.05571
381.66056
382.26541
382.87026
383.47511
384.07996
384.68481
385.28967
385.89452
386.49937
387.10422
387.70907
388.31392
388.91877
389.52362
390.12847
390.73332
391.33817
391.94302
392.54787
393.15272
393.75757
394.36242
394.96727
395.57212
396.17697
396.78182
397.38667
397.99152
398.59637
399.20122
399.80607
400.41092
401.01577
401.62062
402.22547
402.83032
403.43518
404.04003
404.64488
405.24973
405.85458
406.45943
407.06428
407.66913
408.27398
408.87883
409.48368
410.08853
410.69338
411.29823
411.90308
412.50793
413.11278
413.71763
414.32248
414.92733
415.53218
416.13703
416.74188
417.34673
417.95158
418.55643
419.16128
419.76613
420.37098
420.97583
421.58069
422.18554
422.79039
423.39524
424.00009
424.60494
425.20979
425.81464
426.41949
427.02434
427.62919
428.23404
428.83889
429.44374
430.04859
430.65344
431.25829
431.86314
432.46799
433.07284
433.67769
434.28254
434.88739
435.49224
436.09709
436.70194
437.30679
437.91164
438.51649
439.12135
439.7262
440.33105
440.9359
441.54075
442.1456
442.75045
443.3553
443.96015
444.565
445.16985
445.7747
446.37955
446.9844
447.58925
448.1941
448.79895
449.4038
450.00865
450.6135
451.21835
451.8232
452.42805
453.0329
453.63775
454.2426
454.84745
455.4523
456.05715
456.662
457.26686
457.87171
458.47656
459.08141
459.68626
460.29111
460.89596
461.50081
462.10566
462.71051
463.31536
463.92021
464.52506
465.12991
465.73476
466.33961
466.94446
467.54931
468.15416
468.75901
469.36386
469.96871
470.57356
471.17841
471.78326
472.38811
472.99296
473.59781
474.20266
474.80752
475.41237
476.01722
476.62207
477.22692
477.83177
478.43662
479.04147
479.64632
480.25117
480.85602
481.46087
482.06572
482.67057
483.27542
483.88027
484.48512
485.08997
485.69482
486.29967
486.90452
487.50937
488.11422
488.71907
489.32392
489.92877
490.53362
491.13847
491.74332
492.34817
492.95303
493.55788
494.16273
494.76758
495.37243
495.97728
496.58213
497.18698
497.79183
498.39668
499.00153
499.60638
500.21123
500.81608
501.42093
502.02578
502.63063
503.23548
503.84033
504.44518
505.05003
505.65488
506.25973
506.86458
507.46943
508.07428
508.67913
509.28398
509.88883
510.49368
511.09854
511.70339
512.30824
512.91309
513.51794
514.12279
514.72764
515.33249
515.93734
516.54219
517.14704
517.75189
518.35674
518.96159
519.56644
520.17129
520.77614
521.38099
521.98584
522.59069
523.19554
523.80039
524.40524
525.01009
525.61494
526.21979
526.82464
527.42949
528.03434
528.6392
529.24405
529.8489
530.45375
531.0586
531.66345
532.2683
532.87315
533.478
534.08285
534.6877
535.29255
535.8974
536.50225
537.1071
537.71195
538.3168
538.92165
539.5265
540.13135
540.7362
541.34105
541.9459
542.55075
543.1556
543.76045
544.3653
544.97015
545.575
546.17985
546.78471
547.38956
547.99441
548.59926
549.20411
549.80896
550.41381
551.01866
551.62351
552.22836
552.83321
553.43806
554.04291
554.64776
555.25261
555.85746
556.46231
557.06716
557.67201
558.27686
558.88171
559.48656
560.09141
560.69626
561.30111
561.90596
562.51081
563.11566
563.72051
564.32536
564.93022
565.53507
566.13992
566.74477
567.34962
567.95447
568.55932
569.16417
569.76902
570.37387
570.97872
571.58357
572.18842
572.79327
573.39812
574.00297
574.60782
575.21267
575.81752
576.42237
577.02722
577.63207
578.23692
578.84177
579.44662
580.05147
580.65632
581.26117
581.86602
582.47088
583.07573
583.68058
584.28543
584.89028
585.49513
586.09998
586.70483
587.30968
587.91453
588.51938
589.12423
589.72908
590.33393
590.93878
591.54363
592.14848
592.75333
593.35818
593.96303
594.56788
595.17273
595.77758
596.38243
596.98728
597.59213
598.19698
598.80183
599.40668
600.01153
600.61639
601.22124
601.82609
602.43094
603.03579
603.64064
604.24549
604.85034
605.45519
606.06004
606.66489
607.26974
607.87459
608.47944
609.08429
609.68914
610.29399
610.89884
611.50369
612.10854
612.71339
613.31824
613.92309
614.52794
615.13279
615.73764
616.34249
616.94734
617.55219
618.15705
618.7619
619.36675
619.9716
620.57645
621.1813
621.78615
622.391
622.99585
623.6007
624.20555
624.8104
625.41525
626.0201
626.62495
627.2298
627.83465
628.4395
629.04435
629.6492
630.25405
630.8589
631.46375
632.0686
632.67345
633.2783
633.88315
634.488
635.09285
635.6977
636.30256
636.90741
637.51226
638.11711
638.72196
639.32681
639.93166
640.53651
641.14136
641.74621
642.35106
642.95591
643.56076
644.16561
644.77046
645.37531
645.98016
646.58501
647.18986
647.79471
648.39956
649.00441
649.60926
650.21411
650.81896
651.42381
652.02866
652.63351
653.23836
653.84321
654.44807
655.05292
655.65777
656.26262
656.86747
657.47232
658.07717
658.68202
659.28687
659.89172
660.49657
661.10142
661.70627
662.31112
662.91597
663.52082
664.12567
664.73052
665.33537
665.94022
666.54507
667.14992
667.75477
668.35962
668.96447
669.56932
670.17417
670.77902
671.38387
671.98873
672.59358
673.19843
673.80328
674.40813
675.01298
675.61783
676.22268
676.82753
677.43238
678.03723
678.64208
679.24693
679.85178
680.45663
681.06148
681.66633
682.27118
682.87603
683.48088
684.08573
684.69058
685.29543
685.90028
686.50513
687.10998
687.71483
688.31968
688.92453
689.52938
690.13424
690.73909
691.34394
691.94879
692.55364
693.15849
693.76334
694.36819
694.97304
695.57789
696.18274
696.78759
697.39244
697.99729
698.60214
699.20699
699.81184
700.41669
701.02154
701.62639
702.23124
702.83609
703.44094
704.04579
704.65064
705.25549
705.86034
706.46519
707.07004
707.6749
708.27975
708.8846
709.48945
710.0943
710.69915
711.304
711.90885
712.5137
713.11855
713.7234
714.32825
714.9331
715.53795
716.1428
716.74765
717.3525
717.95735
718.5622
719.16705
719.7719
720.37675
720.9816
721.58645
722.1913
722.79615
723.401
724.00585
724.6107
725.21555
725.82041
726.42526
727.03011
727.63496
728.23981
728.84466
729.44951
730.05436
730.65921
731.26406
731.86891
732.47376
733.07861
733.68346
734.28831
734.89316
735.49801
736.10286
736.70771
737.31256
737.91741
738.52226
739.12711
739.73196
740.33681
740.94166
741.54651
742.15136
742.75621
743.36106
743.96592
744.57077
745.17562
745.78047
746.38532
746.99017
747.59502
748.19987
748.80472
749.40957
750.01442
750.61927
751.22412
751.82897
752.43382
753.03867
753.64352
754.24837
754.85322
755.45807
756.06292
756.66777
757.27262
757.87747
758.48232
759.08717
759.69202
760.29687
760.90172
761.50658
762.11143
762.71628
763.32113
763.92598
764.53083
765.13568
765.74053
766.34538
766.95023
767.55508
768.15993
768.76478
769.36963
769.97448
770.57933
771.18418
771.78903
772.39388
772.99873
773.60358
774.20843
774.81328
775.41813
776.02298
776.62783
777.23268
777.83753
778.44238
779.04723
779.65209
780.25694
780.86179
781.46664
782.07149
782.67634
783.28119
783.88604
784.49089
785.09574
1.33227E-15
0.39739
0.23649
0.36243
0.54481
0.57108
0.55817
0.6415
0.6987
0.77144
0.95371
1.19205
1.24092
1.40385
1.77465
2.20429
2.66948
3.14627
4.82859
4.80055
4.95044
5.74826
5.02948
6.27506
7.41182
7.52293
7.89462
8.40002
9.03283
10.19122
11.3351
12.96371
15.85691
16.94566
20.09665
21.60664
20.84372
21.665
21.6758
21.26105
23.84246
23.89699
24.23267
25.38504
24.31259
28.00955
28.01716
27.19032
25.65511
22.18349
24.42208
25.73647
25.03842
25.31406
22.11575
20.35447
19.78466
20.11293
20.82418
20.89956
20.25416
19.79593
19.45105
19.66616
19.17636
20.25492
21.30822
20.35552
22.6364
24.74913
23.69382
21.51788
19.12876
17.95449
16.36506
13.02476
11.93996
11.10031
8.87442
7.42436
7.76784
6.9302
6.27877
5.56456
4.93838
4.96834
4.58623
3.95518
3.95288
3.6825
3.01467
3.22998
2.98576
2.53285
2.70901
2.56009
2.33171
2.20537
1.98126
1.95496
1.92909
1.79888
1.64947
1.61174
1.51474
1.53003
1.42975
1.389
1.33214
1.26544
1.24367
1.21243
1.24563
1.16704
1.12628
1.09906
1.08663
1.05085
1.02858
0.98793
0.93771
0.93388
0.82253
0.83177
0.82561
0.81527
0.81181
0.73495
0.71438
0.71345
0.70013
0.69139
0.61441
0.62373
0.6176
0.60104
0.60122
0.59001
0.56442
0.56139
0.55967
0.54163
0.50917
0.49941
0.51985
0.49877
0.47186
0.48033
0.48526
0.45884
0.4343
0.43476
0.4367
0.39891
0.41013
0.39541
0.38495
0.3734
0.35352
0.35292
0.35881
0.36488
0.35994
0.34847
0.3506
0.33297
0.33238
0.32784
0.33605
0.32131
0.3152
0.3187
0.32412
0.33655
0.31053
0.28675
0.30514
0.28895
0.26133
0.26366
0.28205
0.26813
0.25219
0.27359
0.25779
0.25074
0.24954
0.23522
0.24827
0.23044
0.23141
0.24347
0.2488
0.24016
0.21827
0.22038
0.22262
0.21524
0.21541
0.2086
0.20483
0.21185
0.21182
0.20148
0.20752
0.21107
0.19707
0.20072
0.19866
0.19119
0.19825
0.19332
0.19332
0.19516
0.2009
0.18875
0.18827
0.17639
0.17665
0.17526
0.17151
0.16947
0.16867
0.16938
0.17467
0.15853
0.15631
0.15847
0.1682
0.16308
0.1604
0.15545
0.14336
0.15587
0.15507
0.15101
0.14813
0.15399
0.15081
0.14443
0.14329
0.1457
0.14435
0.13235
0.13079
0.1401
0.1384
0.133
0.12994
0.1271
0.12377
0.12106
0.12564
0.11661
0.11987
0.12436
0.12261
0.11914
0.11679
0.11266
0.12247
0.11707
0.11838
0.13083
0.13018
0.12137
0.11826
0.11242
0.10853
0.10832
0.10791
0.10584
0.10045
0.10265
0.1021
0.10113
0.11296
0.10396
0.09668
0.10582
0.10791
0.1018
0.1009
0.09669
0.09468
0.09782
0.09798
0.09089
0.09217
0.09234
0.08855
0.09445
0.09769
0.09598
0.09668
0.09638
0.09853
0.09889
0.09438
0.09008
0.0889
0.08994
0.09345
0.08934
0.08676
0.09162
0.09028
0.08356
0.08496
0.08728
0.0857
0.08144
0.08041
0.08302
0.07919
0.08132
0.07263
0.08166
0.07937
0.07071
0.07429
0.07613
0.07447
0.07319
0.07801
0.07477
0.06868
0.06833
0.07374
0.07213
0.07172
0.0725
0.07109
0.07165
0.07141
0.07311
0.07036
0.07065
0.0733
0.07038
0.06932
0.06986
0.06691
0.06667
0.06735
0.06365
0.06024
0.06174
0.0683
0.06678
0.06144
0.06187
0.06157
0.06052
0.06468
0.06361
0.06155
0.0593
0.05885
0.05687
0.0598
0.0609
0.05925
0.05862
0.05621
0.05887
0.06196
0.05953
0.05675
0.05928
0.05893
0.05609
0.05609
0.05434
0.05549
0.05956
0.05807
0.05685
0.0526
0.05534
0.05395
0.05479
0.0539
0.05157
0.05305
0.05253
0.05107
0.05322
0.05136
0.05154
0.05386
0.05152
0.0522
0.05198
0.05357
0.05484
0.05426
0.05243
0.05364
0.05209
0.04948
0.04818
0.04843
0.04711
0.04669
0.04953
0.05108
0.05106
0.04839
0.04755
0.04836
0.04515
0.04457
0.04809
0.04797
0.04769
0.04748
0.04518
0.04555
0.04422
0.04705
0.04585
0.04546
0.04514
0.04654
0.04438
0.04189
0.0414
0.04198
0.04506
0.04461
0.04528
0.04542
0.04481
0.04278
0.04358
0.04024
0.0413
0.04295
0.0428
0.04203
0.04085
0.04259
0.04016
0.04073
0.04435
0.04083
0.04178
0.04063
0.04182
0.04306
0.04023
0.03972
0.0397
0.03972
0.03908
0.03862
0.03951
0.03845
0.037
0.0396
0.03864
0.03822
0.0399
0.03806
0.03651
0.03655
0.03592
0.03651
0.03706
0.03506
0.03394
0.03392
0.03454
0.03531
0.03662
0.03605
0.03575
0.03451
0.03406
0.03574
0.03517
0.03533
0.03418
0.03498
0.03571
0.03307
0.03445
0.0345
0.03361
0.03544
0.03395
0.03259
0.03271
0.03469
0.03383
0.03426
0.03337
0.03162
0.0318
0.03302
0.03283
0.03301
0.03194
0.0305
0.03039
0.03376
0.03389
0.03249
0.03203
0.03134
0.03189
0.02955
0.03131
0.03154
0.03224
0.03153
0.03122
0.03129
0.03046
0.03109
0.03084
0.03425
0.03231
0.03137
0.03147
0.0306
0.03041
0.03024
0.03192
0.03116
0.03006
0.02898
0.02848
0.02833
0.02852
0.02848
0.02747
0.02848
0.02886
0.02927
0.02811
0.02876
0.02753
0.02743
0.02724
0.02836
0.02805
0.02848
0.03006
0.02937
0.03059
0.02782
0.02899
0.0274
0.02708
0.02957
0.02847
0.0274
0.02695
0.02684
0.02817
0.02565
0.02613
0.02511
0.02632
0.02746
0.02686
0.02641
0.02566
0.02547
0.02508
0.02615
0.02585
0.02534
0.02458
0.02503
0.02643
0.025
0.02283
0.02469
0.02562
0.02457
0.0261
0.024
0.02527
0.02484
0.02448
0.02544
0.02344
0.02416
0.02581
0.02633
0.02504
0.02436
0.02524
0.025
0.02239
0.02355
0.02283
0.02292
0.02232
0.02403
0.02324
0.02337
0.02446
0.02465
0.02265
0.02218
0.02216
0.02192
0.02207
0.02334
0.02349
0.02183
0.02158
0.02121
0.02238
0.02233
0.02221
0.02316
0.02298
0.0211
0.02118
0.02256
0.02213
0.02321
0.02327
0.02311
0.02173
0.0228
0.02243
0.02306
0.0225
0.02131
0.02202
0.02222
0.02147
0.02098
0.0208
0.02175
0.02293
0.02231
0.0211
0.02218
0.02223
0.02088
0.02073
0.02052
0.02033
0.02046
0.02163
0.02188
0.0214
0.0209
0.02175
0.02319
0.02285
0.0223
0.0207
0.02162
0.02036
0.01988
0.01904
0.01988
0.02055
0.02086
0.02029
0.0208
0.02025
0.02047
0.02052
0.02096
0.02027
0.01973
0.02027
0.02028
0.01962
0.01965
0.02081
0.02019
0.02015
0.01962
0.01964
0.01945
0.01869
0.01902
0.01965
0.02042
0.02061
0.02042
0.01892
0.01912
0.01863
0.01923
0.01893
0.01814
0.01833
0.01939
0.01943
0.01898
0.01938
0.01948
0.01798
0.01887
0.01939
0.01966
0.01845
0.01885
0.01952
0.01858
0.01733
0.01811
0.01881
0.01922
0.01896
0.0187
0.01851
0.01847
0.01821
0.01787
0.01867
0.01789
0.01808
0.01807
0.01729
0.01794
0.01848
0.0171
0.01663
0.01777
0.01776
0.01761
0.01765
0.01767
0.01726
0.017
0.01707
0.01728
0.01707
0.01664
0.01654
0.01606
0.01597
0.01715
0.01725
0.01645
0.01779
0.01754
0.01737
0.01798
0.0158
0.01665
0.01695
0.01645
0.01733
0.01633
0.01613
0.01638
0.01665
0.01765
0.01692
0.01688
0.01614
0.0165
0.01651
0.01659
0.01716
0.01678
0.01576
0.01624
0.01674
0.01521
0.01627
0.01579
0.01644
0.01614
0.01582
0.01513
0.01621
0.01616
0.01462
0.0151
0.01572
0.01554
0.01585
0.01687
0.0169
0.01596
0.01569
0.01679
0.01655
0.0161
0.01553
0.0155
0.01532
0.01519
0.01505
0.01586
0.01569
0.01579
0.01537
0.01545
0.01582
0.01555
0.01557
0.01548
0.01474
0.01484
0.01534
0.01571
0.01581
0.01526
0.01509
0.01568
0.01545
0.01461
0.01432
0.01467
0.01424
0.01414
0.01456
0.01405
0.01462
0.01426
0.01421
0.01377
0.01427
0.01474
0.01409
0.01455
0.01457
0.01391
0.01404
0.01421
0.01376
0.01311
0.01361
0.01395
0.01432
0.015
0.01464
0.01482
0.01503
0.01497
0.01441
0.0143
0.01384
0.01451
0.01472
0.01428
0.01479
0.01461
0.01413
0.01366
0.01517
0.01478
0.01419
0.01433
0.01384
0.0133
0.01424
0.01441
0.0136
0.01392
0.01416
0.01385
0.01326
0.01412
0.01457
0.0128
0.01316
0.01417
0.01399
0.01356
0.01285
0.01369
0.01353
0.0131
0.01288
0.0135
0.01322
0.01364
0.01388
0.01317
0.01364
0.01312
0.0133
0.01355
0.01348
0.01382
0.01388
0.01393
0.01326
0.01359
0.0136
0.01383
0.01392
0.01257
0.01316
0.01412
0.0137
0.01376
0.01457
0.01328
0.01258
0.01347
0.0136
0.01423
0.01404
0.01291
0.01232
0.01288
0.01294
0.01371
0.01364
0.01317
0.01311
0.01311
0.01287
0.01326
0.013
0.01332
0.01391
0.0133
0.01256
0.01165
0.01258
0.01331
0.01285
0.01288
0.01308
0.01228
0.01282
0.01235
0.01194
0.01322
0.01352
0.01282
0.01242
0.01179
0.01193
0.01229
0.0123
0.01266
0.0133
0.01287
0.01263
0.01267
0.01303
0.01249
0.01222
0.01278
0.01224
0.01237
0.0127
0.01325
0.01235
0.01191
0.01254
0.01262
0.01204
0.01233
0.01235
0.01213
0.01293
0.01177
0.01256
0.01237
0.01158
0.0116
0.01197
0.0121
0.01141
0.01163
0.01275
0.01238
0.01179
0.01184
0.01102
0.01178
0.01242
0.01209
0.01215
0.01195
0.01157
0.01137
0.01179
0.01248
0.01214
0.01108
0.01164
0.01145
0.01162
0.01212
0.01159
0.01232
0.01256
0.01149
0.01155
0.01219
0.01271
0.01217
0.01187
0.01268
0.01226
0.01205
0.01134
0.01174
0.01232
0.01306
0.01237
0.01222
0.01248
0.01195
0.01242
0.01123
0.01103
0.01132
0.01102
0.01184
0.01135
0.01129
0.01083
0.01217
0.01311
0.01166
0.01154
0.01111
0.01169
0.0127
0.01198
0.01231
0.01196
0.01139
0.01252
0.01217
0.01204
0.01201
0.01126
0.0117
0.01216
0.01212
0.01177
0.01177
0.01162
0.01116
0.01072
0.01036
0.01148
0.0122
0.01167
0.01183
0.01136
0.01046
0.01128
0.01164
0.01131
0.01161
0.01134
0.01191
0.01119
0.01132
0.01164
0.01109
0.01147
0.01119
0.01129
0.01058
0.01111
0.01117
0.0106
0.01103
0.01063
0.01101
0.01114
0.0112
0.01108
0.01028
0.0108
0.01167
0.0111
0.01086
0.01113
0.01098
0.01139
0.01034
0.01067
0.0111
0.01114
0.01081
0.01132
0.01096
0.01069
0.01097
0.01141
0.01107
0.01077
0.01115
0.0109
0.01057
0.01108
0.01148
0.01121
0.01093
0.01103
0.01113
0.01108
0.01046
0.01054
0.01119
0.01111
0.01083
0.01063
0.01076
0.01021
0.01058
0.0106
0.01076
0.01062
0.01159
0.01156
0.01109
0.01073
0.0109
0.01127
0.01149
0.01046
0.01051
0.01111
0.01056
0.0105
0.01072
0.01093
0.01092
0.01131
0.01108
0.01084
0.01049
0.01068
0.01081
0.01092
0.01067
0.0106
0.0108
0.01099
0.01085
0.01007
0.01044
0.01061
0.01038
0.0113
0.01124
0.0109
0.01105
0.01084
0.01108
0.01062
0.0106
0.01074
0.01026
0.01142
0.01096
0.01037
0.00977
0.01007
0.01019
0.01042
0.01113
0.01043
0.01036
0.01031
0.01042
0.01082
0.01065
0.0103
0.01055
0.01037
0.01013
0.01156
0.01118
0.0103
0.01038
0.01067
0.01041
0.01047
0.01036
0.00965
0.01088
0.01118
0.01079
0.01053
0.01028
0.01125
0.01039
0.00983
0.01034
0.01072
0.01046
0.01024
0.01074
0.01116
0.01134
0.01097
0.01086
0.01148
0.01121
0.01055
0.01091
0.0108
0.01026
0.01098
0.01093
0.01031
0.01002
0.01027
0.01093
0.01
0.00954
0.01045
0.01038
0.01017
0.01064
0.01053
0.01037
0.01043
0.01038
0.01032
0.0104
0.01048
0.01048
0.01028
0.00967
0.01096
0.011
0.00916
0.01004
0.01053
0.01015
0.0101
0.01037
0.01039
0.01051
0.01064
0.01088
0.01089
0.01066
0.01138
0.01062
0.01041
0.01086
0.01012
0.01007
0.00999
0.01024
0.01075
0.01094
0.01035
0.01032
0.01061
0.01047
0.01047
0.0103
0.01048
0.0101
0.00992
0.01036
0.01052
0.01079
0.01054
0.01048
0.0101
0.01081
0.01104
0.01053
0.01042
0.01042
0.01064
0.01055
0.01066
0.01085
0.01112
0.01043
0.01021
0.01043
0.01018
0.01022
0.01025
0.01035
0.0108
0.01076
0.01068
0.01063
0.01062
0.01042
0.01016
0.01049
0.01059
0.01038
